(7914, (0, 0))
(8190, (0, 0))
(2895, (0, 1))
(12117, (0, 0))
(11121, (0, 0))
(8466, (0, 0))
(195, (0, 0))
(5310, (0, 0))
(12300, (0, 0))
(14070, (0, 0))
(963, (0, 0))
(1773, (0, 0))
(13116, (0, 0))
(11997, (0, 0))
(14205, (0, 0))
(6612, (0, 0))
(8553, (0, 0))
(3177, (0, 0))
(14676, (0, 0))
(3666, (0, 0))
(8691, (0, 0))
(2685, (0, 0))
(11436, (0, 0))
(3996, (0, 0))
(8289, (0, 0))
(10065, (0, 0))
(1494, (0, 0))
(14211, (0, 0))
(4230, (0, 0))
(1806, (0, 0))
(10272, (0, 1))
(1056, (0, 0))
(3747, (0, 0))
(13071, (0, 0))
(3414, (0, 0))
(7344, (0, 0))
(11961, (0, 0))
(13728, (0, 0))
(5148, (0, 0))
(7695, (0, 0))
(2421, (0, 0))
(9837, (0, 0))
(2445, (0, 0))
(6516, (0, 0))
(1020, (0, 0))
(4374, (0, 0))
(13044, (0, 0))
(12510, (0, 0))
(8121, (0, 0))
(6411, (0, 0))
(3735, (0, 0))
(13758, (0, 0))
(13296, (0, 0))
(12441, (0, 0))
(7824, (0, 0))
(1482, (0, 0))
(10485, (0, 0))
(12570, (0, 0))
(6972, (0, 0))
(14319, (0, 0))
(5076, (0, 0))
(3456, (0, 0))
(10464, (0, 0))
(11757, (0, 0))
(6825, (0, 0))
(6999, (0, 0))
(1965, (0, 0))
(2286, (0, 0))
(14394, (0, 0))
(7323, (0, 0))
(2874, (0, 0))
(11973, (0, 1))
(13374, (0, 0))
(10404, (0, 0))
(1047, (0, 0))
(10782, (0, 0))
(6840, (0, 0))
(7197, (0, 0))
(3378, (0, 0))
(8775, (0, 0))
(7560, (0, 0))
(12027, (0, 0))
(14325, (0, 0))
(11094, (0, 0))
(5079, (0, 0))
(14313, (0, 0))
(5190, (0, 0))
(4314, (0, 1))
(13317, (0, 0))
(12612, (0, 0))
(13410, (0, 0))
(11619, (0, 0))
(5823, (0, 0))
(4521, (0, 0))
(2967, (0, 0))
(13248, (0, 0))
(648, (0, 0))
(144, (0, 0))
(10557, (0, 0))
(7659, (0, 0))
(7524, (0, 0))
(12813, (0, 0))
(7053, (0, 0))
(11040, (0, 0))
(3618, (0, 0))
(13581, (0, 0))
(2331, (0, 0))
(4119, (0, 0))
(2892, (0, 0))
(13347, (0, 0))
(1602, (0, 0))
(9300, (0, 0))
(2097, (0, 0))
(8340, (0, 0))
(13164, (0, 0))
(8106, (0, 0))
(12603, (0, 0))
(9492, (0, 0))
(4053, (0, 0))
(9567, (0, 0))
(13995, (0, 0))
(12909, (0, 0))
(6531, (0, 0))
(2775, (0, 0))
(4551, (0, 0))
(6639, (0, 0))
(5352, (0, 0))
(6813, (0, 0))
(1962, (0, 0))
(5736, (0, 0))
(12312, (0, 0))
(6420, (0, 0))
(14538, (0, 0))
(7062, (0, 0))
(2631, (0, 0))
(9063, (0, 0))
(10575, (0, 0))
(2316, (0, 0))
(3078, (0, 0))
(10989, (0, 0))
(12372, (0, 0))
(14376, (0, 0))
(3405, (0, 0))
(12789, (0, 0))
(1014, (0, 1))
(1194, (0, 0))
(14235, (0, 0))
(2517, (0, 0))
(10086, (0, 0))
(5721, (0, 0))
(8487, (0, 0))
(2652, (0, 0))
(14139, (0, 0))
(13908, (0, 0))
(13713, (0, 0))
(267, (0, 0))
(12159, (0, 0))
(3507, (0, 0))
(10212, (0, 0))
(11724, (0, 0))
(1188, (0, 0))
(5229, (0, 0))
(1956, (0, 0))
(8529, (0, 0))
(12744, (0, 0))
(12648, (0, 0))
(13266, (0, 0))
(4935, (0, 0))
(6468, (0, 0))
(414, (0, 0))
(11691, (0, 0))
(7530, (0, 0))
(1143, (0, 0))
(6333, (0, 0))
(11103, (0, 0))
(6171, (0, 0))
(6735, (0, 0))
(12039, (0, 0))
(8820, (0, 0))
(7875, (0, 0))
(11481, (0, 0))
(1503, (0, 0))
(3846, (0, 0))
(1578, (0, 0))
(5778, (0, 0))
(1629, (0, 0))
(3036, (0, 0))
(13965, (0, 0))
(8130, (0, 0))
(138, (0, 1))
(14244, (0, 1))
(513, (0, 0))
(12243, (0, 0))
(14166, (0, 0))
(5382, (0, 0))
(1776, (0, 0))
(717, (0, 0))
(5667, (0, 0))
(7440, (0, 0))
(10656, (0, 0))
(5949, (0, 0))
(9513, (0, 0))
(6552, (0, 0))
(8280, (0, 1))
(14136, (0, 0))
(6801, (0, 0))
(4140, (0, 0))
(9453, (0, 0))
(11685, (0, 0))
(3945, (0, 0))
(7920, (0, 0))
(10983, (0, 0))
(14418, (0, 0))
(7569, (0, 0))
(279, (0, 0))
(3390, (0, 0))
(3714, (0, 0))
(12828, (0, 0))
(2700, (0, 0))
(13353, (0, 0))
(7221, (0, 0))
(14007, (0, 0))
(14127, (0, 0))
(13536, (0, 0))
(672, (0, 0))
(8241, (0, 0))
(6942, (0, 0))
(11799, (0, 0))
(693, (0, 0))
(4776, (0, 0))
(5304, (0, 0))
(13623, (0, 0))
(423, (0, 0))
(7623, (0, 0))
(6540, (0, 0))
(12645, (0, 0))
(6054, (0, 0))
(10167, (0, 0))
(13431, (0, 0))
(6099, (0, 0))
(4755, (0, 0))
(7350, (0, 0))
(8247, (0, 0))
(8034, (0, 0))
(3909, (0, 0))
(13443, (0, 0))
(11208, (0, 0))
(18, (0, 0))
(12735, (0, 0))
(4530, (0, 0))
(9237, (0, 0))
(2730, (0, 0))
(14595, (0, 0))
(13137, (0, 0))
(9756, (0, 0))
(12657, (0, 0))
(5007, (0, 0))
(6582, (0, 0))
(8511, (0, 0))
(12195, (0, 0))
(5535, (0, 0))
(6123, (0, 0))
(4941, (0, 0))
(12306, (0, 0))
(6849, (0, 0))
(8055, (0, 0))
(5307, (0, 0))
(11805, (0, 0))
(6747, (0, 0))
(10860, (0, 0))
(13809, (0, 0))
(9036, (0, 0))
(5091, (0, 0))
(14655, (0, 0))
(1704, (0, 0))
(11592, (0, 0))
(12018, (0, 0))
(444, (0, 0))
(6897, (0, 0))
(6924, (0, 0))
(14553, (0, 0))
(13941, (0, 0))
(7302, (0, 0))
(2172, (0, 0))
(13098, (0, 0))
(10161, (0, 0))
(4059, (0, 0))
(9324, (0, 0))
(9585, (0, 0))
(2412, (0, 0))
(1212, (0, 0))
(2940, (0, 1))
(10131, (0, 0))
(11025, (0, 0))
(8337, (0, 0))
(7026, (0, 0))
(6186, (0, 0))
(9591, (0, 0))
(69, (0, 0))
(1995, (0, 0))
(9495, (0, 0))
(10269, (0, 0))
(3465, (0, 0))
(2601, (0, 0))
(3699, (0, 0))
(3993, (0, 0))
(9630, (0, 0))
(11880, (0, 0))
(1317, (0, 0))
(4830, (0, 0))
(1728, (0, 0))
(4635, (0, 0))
(5178, (0, 0))
(1692, (0, 0))
(1449, (0, 0))
(405, (0, 0))
(9129, (0, 0))
(7014, (0, 0))
(10317, (0, 0))
(10476, (0, 0))
(198, (0, 0))
(14181, (0, 0))
(5235, (0, 0))
(1566, (0, 0))
(2724, (0, 0))
(8595, (0, 0))
(10968, (0, 0))
(13140, (0, 0))
(13392, (0, 0))
(9090, (0, 0))
(10422, (0, 0))
(6975, (0, 0))
(1215, (0, 0))
(7137, (0, 0))
(5115, (0, 0))
(4860, (0, 0))
(1881, (0, 0))
(1335, (0, 0))
(13512, (0, 0))
(2148, (0, 0))
(6432, (0, 0))
(1803, (0, 0))
(13119, (0, 0))
(13386, (0, 0))
(135, (0, 0))
(5565, (0, 0))
(13689, (0, 0))
(738, (0, 0))
(13278, (0, 0))
(3537, (0, 0))
(13962, (0, 0))
(13293, (0, 0))
(8430, (0, 0))
(14286, (0, 0))
(1419, (0, 0))
(9828, (0, 0))
(11172, (0, 0))
(9207, (0, 0))
(4218, (0, 0))
(4284, (0, 0))
(9234, (0, 0))
(13575, (0, 0))
(10449, (0, 0))
(4992, (0, 1))
(7956, (0, 0))
(972, (0, 0))
(429, (0, 0))
(3147, (0, 0))
(10362, (0, 0))
(6246, (0, 0))
(13218, (0, 0))
(5997, (0, 0))
(984, (0, 0))
(11940, (0, 0))
(9381, (0, 0))
(13863, (0, 0))
(954, (0, 0))
(7917, (0, 0))
(13692, (0, 0))
(5313, (0, 0))
(8481, (0, 0))
(10215, (0, 0))
(3894, (0, 0))
(10899, (0, 0))
(5748, (0, 0))
(1179, (0, 0))
(564, (0, 0))
(10224, (0, 0))
(8919, (0, 0))
(4806, (0, 0))
(75, (0, 0))
(576, (0, 0))
(1632, (0, 0))
(13320, (0, 0))
(13626, (0, 0))
(657, (0, 0))
(5322, (0, 0))
(13011, (0, 0))
(1299, (0, 0))
(2334, (0, 0))
(4674, (0, 0))
(7488, (0, 0))
(9726, (0, 0))
(10344, (0, 0))
(729, (0, 0))
(9375, (0, 0))
(4164, (0, 0))
(561, (0, 0))
(14454, (0, 0))
(5844, (0, 0))
(12435, (0, 0))
(7248, (0, 0))
(6549, (0, 0))
(2259, (0, 0))
(2862, (0, 0))
(11280, (0, 0))
(12798, (0, 0))
(1425, (0, 0))
(4911, (0, 0))
(1101, (0, 0))
(7518, (0, 0))
(7122, (0, 0))
(8610, (0, 0))
(9057, (0, 0))
(1713, (0, 0))
(2487, (0, 0))
(3681, (0, 0))
(9963, (0, 0))
(13932, (0, 0))
(12384, (0, 0))
(4323, (0, 0))
(13560, (0, 0))
(12444, (0, 0))
(8334, (0, 0))
(3915, (0, 0))
(3000, (0, 0))
(13485, (0, 0))
(12501, (0, 0))
(3804, (0, 0))
(2910, (0, 0))
(12810, (0, 0))
(642, (0, 0))
(2682, (0, 0))
(9741, (0, 0))
(2226, (0, 0))
(7545, (0, 0))
(10794, (0, 0))
(12582, (0, 0))
(549, (0, 0))
(2505, (0, 0))
(3441, (0, 0))
(11697, (0, 0))
(10869, (0, 0))
(2571, (0, 0))
(9444, (0, 0))
(942, (0, 0))
(7719, (0, 0))
(8718, (0, 0))
(7431, (0, 0))
(11319, (0, 0))
(7734, (0, 0))
(9261, (0, 0))
(3300, (0, 0))
(11565, (0, 0))
(7446, (0, 0))
(10707, (0, 0))
(8364, (0, 0))
(4761, (0, 0))
(12429, (0, 0))
(13398, (0, 0))
(861, (0, 0))
(13389, (0, 0))
(9810, (0, 0))
(10740, (0, 0))
(6228, (0, 0))
(1782, (0, 0))
(14121, (0, 0))
(9558, (0, 0))
(7884, (0, 0))
(1563, (0, 0))
(5478, (0, 0))
(1659, (0, 0))
(9009, (0, 0))
(7020, (0, 0))
(1755, (0, 0))
(14634, (0, 0))
(13755, (0, 0))
(3954, (0, 0))
(14307, (0, 0))
(11271, (0, 0))
(1428, (0, 0))
(10320, (0, 0))
(11076, (0, 0))
(1698, (0, 0))
(5082, (0, 0))
(4251, (0, 0))
(3543, (0, 0))
(11001, (0, 0))
(7803, (0, 0))
(5130, (0, 0))
(5886, (0, 0))
(4875, (0, 0))
(336, (0, 0))
(11451, (0, 0))
(5247, (0, 0))
(10761, (0, 0))
(14370, (0, 0))
(8910, (0, 0))
(3360, (0, 0))
(8694, (0, 0))
(6576, (0, 0))
(6765, (0, 0))
(13425, (0, 0))
(8889, (0, 0))
(9765, (0, 0))
(6321, (0, 0))
(1257, (0, 0))
(12738, (0, 0))
(8178, (0, 0))
(12621, (0, 0))
(3189, (0, 0))
(1443, (0, 0))
(6864, (0, 0))
(1098, (0, 0))
(5979, (0, 0))
(5637, (0, 0))
(525, (0, 0))
(11400, (0, 0))
(879, (0, 0))
(9042, (0, 0))
(5673, (0, 0))
(4224, (0, 0))
(8493, (0, 0))
(927, (0, 0))
(6345, (0, 0))
(27, (0, 0))
(13524, (0, 0))
(1107, (0, 0))
(13050, (0, 0))
(13173, (0, 0))
(3216, (0, 0))
(11058, (0, 0))
(3006, (0, 0))
(6219, (0, 0))
(12840, (0, 0))
(3381, (0, 0))
(9423, (0, 0))
(7176, (0, 0))
(6852, (0, 0))
(6048, (0, 0))
(8478, (0, 0))
(12807, (0, 0))
(4572, (0, 0))
(12114, (0, 0))
(4341, (0, 0))
(4647, (0, 0))
(9363, (0, 0))
(1878, (0, 0))
(4698, (0, 0))
(3096, (0, 0))
(9918, (0, 0))
(10092, (0, 0))
(8538, (0, 0))
(4878, (0, 0))
(6363, (0, 0))
(13113, (0, 0))
(11088, (0, 0))
(9978, (0, 0))
(8181, (0, 0))
(8952, (0, 0))
(5409, (0, 0))
(8025, (0, 0))
(9018, (0, 0))
(4950, (0, 0))
(3771, (0, 0))
(11751, (0, 0))
(8085, (0, 0))
(6372, (0, 0))
(3009, (0, 0))
(4335, (0, 0))
(12369, (0, 0))
(9360, (0, 0))
(10506, (0, 0))
(1758, (0, 0))
(13851, (0, 0))
(1827, (0, 0))
(5424, (0, 0))
(7143, (0, 0))
(12480, (0, 0))
(11241, (0, 0))
(1083, (0, 0))
(4275, (0, 0))
(6690, (0, 0))
(663, (0, 0))
(2478, (0, 0))
(14175, (0, 0))
(7989, (0, 0))
(2616, (0, 0))
(1164, (0, 0))
(11949, (0, 0))
(10731, (0, 0))
(8010, (0, 0))
(9960, (0, 0))
(1161, (0, 0))
(6753, (0, 0))
(1542, (0, 0))
(2514, (0, 0))
(684, (0, 0))
(4206, (0, 1))
(11889, (0, 0))
(12768, (0, 0))
(12831, (0, 0))
(2679, (0, 0))
(10713, (0, 0))
(14346, (0, 0))
(639, (0, 0))
(12891, (0, 0))
(8655, (0, 0))
(6726, (0, 0))
(6984, (0, 0))
(14583, (0, 0))
(3567, (0, 0))
(4293, (0, 0))
(2610, (0, 0))
(4470, (0, 0))
(11883, (0, 0))
(7512, (0, 0))
(1458, (0, 0))
(14511, (0, 0))
(10098, (0, 0))
(2133, (0, 0))
(3408, (0, 0))
(4524, (0, 0))
(8004, (0, 0))
(13395, (0, 0))
(12084, (0, 0))
(9096, (0, 0))
(14679, (0, 0))
(7158, (0, 0))
(8670, (0, 0))
(10137, (0, 0))
(3066, (0, 0))
(14637, (0, 0))
(12717, (0, 0))
(2607, (0, 0))
(4779, (0, 0))
(4356, (0, 0))
(13008, (0, 0))
(8388, (0, 0))
(13665, (0, 0))
(7665, (0, 0))
(1074, (0, 0))
(14232, (0, 0))
(3930, (0, 0))
(8394, (0, 0))
(13677, (0, 0))
(12318, (0, 0))
(858, (0, 0))
(3519, (0, 0))
(8436, (0, 0))
(7281, (0, 0))
(14340, (0, 0))
(3639, (0, 0))
(7773, (0, 1))
(13902, (0, 0))
(5799, (0, 0))
(5868, (0, 0))
(276, (0, 0))
(1446, (0, 0))
(13128, (0, 0))
(9426, (0, 0))
(14220, (0, 0))
(2526, (0, 0))
(1635, (0, 1))
(8220, (0, 0))
(2265, (0, 0))
(8412, (0, 0))
(4461, (0, 0))
(9015, (0, 0))
(10338, (0, 0))
(14112, (0, 0))
(7179, (0, 0))
(11493, (0, 0))
(3531, (0, 0))
(9594, (0, 0))
(6207, (0, 0))
(6093, (0, 0))
(3501, (0, 0))
(240, (0, 0))
(6441, (0, 0))
(4833, (0, 0))
(13947, (0, 0))
(2628, (0, 0))
(14544, (0, 0))
(14574, (0, 0))
(8736, (0, 0))
(11991, (0, 0))
(6147, (0, 0))
(3432, (0, 0))
(1386, (0, 0))
(2493, (0, 0))
(2067, (0, 0))
(9987, (0, 0))
(10125, (0, 0))
(11652, (0, 0))
(8871, (0, 0))
(13668, (0, 0))
(1431, (0, 0))
(4842, (0, 0))
(1638, (0, 0))
(6678, (0, 0))
(3981, (0, 0))
(12, (0, 0))
(11130, (0, 0))
(4257, (0, 0))
(11118, (0, 0))
(1767, (0, 0))
(8058, (0, 0))
(4962, (0, 0))
(5418, (0, 0))
(6438, (0, 0))
(4557, (0, 0))
(11781, (0, 0))
(11430, (0, 0))
(2835, (0, 0))
(7551, (0, 0))
(7980, (0, 0))
(3987, (0, 0))
(9690, (0, 0))
(7869, (0, 0))
(603, (0, 0))
(6273, (0, 0))
(8169, (0, 0))
(2697, (0, 0))
(5928, (0, 0))
(14193, (0, 0))
(14337, (0, 0))
(10062, (0, 0))
(5085, (0, 0))
(7347, (0, 0))
(5646, (0, 0))
(4437, (0, 0))
(10692, (0, 0))
(3843, (0, 0))
(4980, (0, 0))
(7827, (0, 0))
(14274, (0, 0))
(8772, (0, 0))
(10845, (0, 0))
(11385, (0, 0))
(7236, (0, 0))
(3486, (0, 0))
(13794, (0, 0))
(7662, (0, 0))
(4503, (0, 0))
(1689, (0, 0))
(14628, (0, 0))
(9969, (0, 0))
(11214, (0, 0))
(8940, (0, 0))
(5361, (0, 0))
(3354, (0, 0))
(12906, (0, 0))
(14085, (0, 0))
(12219, (0, 0))
(5586, (0, 0))
(5547, (0, 0))
(372, (0, 0))
(4455, (0, 0))
(12465, (0, 0))
(6702, (0, 0))
(9948, (0, 0))
(13869, (0, 0))
(762, (0, 0))
(11427, (0, 0))
(3474, (0, 0))
(10239, (0, 0))
(13587, (0, 0))
(2787, (0, 0))
(4098, (0, 0))
(6165, (0, 0))
(8088, (0, 0))
(1155, (0, 0))
(9387, (0, 0))
(6141, (0, 0))
(7194, (0, 0))
(1743, (0, 0))
(8796, (0, 0))
(9102, (0, 0))
(1905, (0, 0))
(1854, (0, 0))
(6933, (0, 0))
(13983, (0, 0))
(6435, (0, 0))
(12246, (0, 0))
(7953, (0, 0))
(2691, (0, 0))
(5838, (0, 0))
(129, (0, 0))
(57, (0, 0))
(8313, (0, 0))
(14043, (0, 0))
(8472, (0, 0))
(9087, (0, 0))
(5610, (0, 0))
(13518, (0, 0))
(4797, (0, 0))
(4176, (0, 0))
(5538, (0, 1))
(10842, (0, 0))
(588, (0, 0))
(7212, (0, 0))
(3021, (0, 0))
(4137, (0, 0))
(11196, (0, 0))
(8763, (0, 0))
(8268, (0, 0))
(3168, (0, 0))
(11142, (0, 0))
(12666, (0, 0))
(816, (0, 0))
(9429, (0, 0))
(11736, (0, 0))
(8925, (0, 0))
(7233, (0, 0))
(6180, (0, 0))
(11457, (0, 0))
(9624, (0, 0))
(1839, (0, 0))
(7215, (0, 0))
(3288, (0, 0))
(6192, (0, 0))
(1623, (0, 0))
(2070, (0, 0))
(10221, (0, 0))
(8676, (0, 1))
(13896, (0, 0))
(7743, (0, 0))
(6243, (0, 0))
(1305, (0, 0))
(9576, (0, 0))
(11028, (0, 0))
(5694, (0, 0))
(8811, (0, 0))
(807, (0, 0))
(10800, (0, 0))
(9156, (0, 0))
(6660, (0, 0))
(6906, (0, 0))
(12600, (0, 0))
(7299, (0, 0))
(3834, (0, 0))
(12939, (0, 0))
(507, (0, 0))
(9678, (0, 0))
(12153, (0, 0))
(11145, (0, 0))
(9405, (0, 0))
(4713, (0, 0))
(813, (0, 0))
(9702, (0, 0))
(6000, (0, 0))
(1923, (0, 0))
(1344, (0, 0))
(7395, (0, 0))
(5925, (0, 0))
(2694, (0, 0))
(12834, (0, 0))
(1524, (0, 0))
(5379, (0, 0))
(4467, (0, 0))
(3207, (0, 0))
(14487, (0, 0))
(9408, (0, 0))
(3135, (0, 0))
(13698, (0, 0))
(2322, (0, 0))
(3306, (0, 0))
(1242, (0, 0))
(13803, (0, 0))
(8115, (0, 0))
(10380, (0, 0))
(2382, (0, 0))
(9150, (0, 0))
(3369, (0, 0))
(6909, (0, 0))
(8544, (0, 0))
(13362, (0, 0))
(13014, (0, 0))
(13815, (0, 0))
(3252, (0, 0))
(2121, (1, 0))
(1890, (1, 0))
(7548, (1, 0))
(9120, (1, 0))
(51, (1, 0))
(4716, (1, 0))
(4407, (1, 0))
(2988, (1, 0))
(11916, (1, 0))
(7728, (1, 0))
(237, (1, 0))
(9417, (1, 0))
(5601, (1, 0))
(13146, (1, 0))
(5883, (1, 0))
(9489, (1, 0))
(11844, (1, 0))
(9780, (1, 0))
(8523, (1, 1))
(4392, (1, 0))
(10752, (1, 1))
(9846, (1, 0))
(8013, (1, 0))
(5328, (1, 0))
(207, (1, 0))
(4353, (1, 0))
(12567, (1, 0))
(3084, (1, 0))
(10866, (1, 0))
(4029, (1, 0))
(13503, (1, 0))
(4497, (1, 0))
(13590, (1, 0))
(12408, (1, 0))
(4404, (1, 0))
(6444, (1, 1))
(10539, (1, 0))
(6990, (1, 0))
(6828, (1, 0))
(4905, (1, 0))
(4560, (1, 1))
(9456, (1, 0))
(1245, (1, 0))
(5433, (1, 0))
(6159, (1, 0))
(8700, (1, 0))
(1989, (1, 0))
(10647, (1, 0))
(2553, (1, 0))
(1206, (1, 0))
(14532, (1, 0))
(9912, (1, 0))
(7731, (1, 0))
(6843, (1, 0))
(7704, (1, 0))
(7542, (1, 0))
(14289, (1, 0))
(11460, (1, 0))
(291, (1, 0))
(12693, (1, 0))
(6300, (1, 0))
(4095, (1, 0))
(13605, (1, 0))
(6717, (1, 0))
(3678, (1, 0))
(1059, (1, 0))
(8154, (1, 0))
(1971, (1, 0))
(6375, (1, 0))
(3282, (1, 0))
(7260, (1, 0))
(11262, (1, 0))
(14403, (1, 0))
(9003, (1, 0))
(4068, (1, 0))
(2307, (1, 0))
(624, (1, 0))
(1053, (1, 0))
(9117, (1, 0))
(3210, (1, 0))
(12234, (1, 0))
(14130, (1, 0))
(8934, (1, 0))
(3816, (1, 0))
(11052, (1, 0))
(8157, (1, 1))
(1818, (1, 1))
(7167, (1, 0))
(5907, (1, 0))
(12771, (1, 0))
(4746, (1, 1))
(2115, (1, 0))
(11871, (1, 0))
(12222, (1, 0))
(7413, (1, 0))
(8463, (1, 0))
(7365, (1, 0))
(14343, (1, 0))
(4434, (1, 0))
(7425, (1, 0))
(11706, (1, 0))
(11802, (1, 0))
(4587, (1, 0))
(5529, (1, 0))
(3471, (1, 0))
(12534, (1, 0))
(6297, (1, 0))
(14199, (1, 0))
(12762, (1, 0))
(7032, (1, 0))
(2280, (1, 0))
(9783, (1, 0))
(14721, (1, 0))
(8118, (1, 0))
(6396, (1, 0))
(12282, (1, 0))
(11994, (1, 0))
(6543, (1, 0))
(10896, (1, 0))
(9447, (1, 0))
(13230, (1, 0))
(123, (1, 0))
(243, (1, 0))
(4146, (1, 0))
(2793, (1, 0))
(9273, (1, 0))
(3348, (1, 0))
(5841, (1, 0))
(5004, (1, 0))
(11034, (1, 0))
(10107, (1, 0))
(10887, (1, 0))
(78, (1, 0))
(7893, (1, 0))
(6786, (1, 0))
(11508, (1, 0))
(12942, (1, 0))
(12042, (1, 0))
(10038, (1, 0))
(8139, (1, 0))
(1812, (1, 0))
(3999, (1, 0))
(7392, (1, 0))
(6450, (1, 0))
(13506, (1, 0))
(3633, (1, 0))
(11382, (1, 0))
(4749, (1, 0))
(2796, (1, 0))
(2091, (1, 0))
(606, (1, 0))
(696, (1, 0))
(1221, (1, 0))
(5511, (1, 0))
(13257, (1, 0))
(13953, (1, 0))
(3903, (1, 0))
(10689, (1, 0))
(2559, (1, 0))
(2376, (1, 0))
(11826, (1, 0))
(4707, (1, 0))
(13479, (1, 0))
(11766, (1, 0))
(993, (1, 0))
(3258, (1, 0))
(13671, (1, 0))
(6324, (1, 0))
(6090, (1, 0))
(4737, (1, 0))
(5775, (1, 1))
(14457, (1, 0))
(2916, (1, 0))
(3852, (1, 0))
(10755, (1, 0))
(3510, (1, 0))
(3039, (1, 0))
(2061, (1, 0))
(5058, (1, 0))
(2154, (1, 0))
(13833, (1, 0))
(4023, (1, 0))
(13662, (1, 0))
(13365, (1, 0))
(2532, (1, 0))
(4791, (1, 0))
(12474, (1, 0))
(7809, (1, 0))
(4086, (1, 0))
(9747, (1, 0))
(6057, (1, 0))
(1941, (1, 0))
(7437, (1, 0))
(8505, (1, 0))
(8295, (1, 0))
(13323, (1, 0))
(13047, (1, 0))
(2229, (1, 0))
(4194, (1, 0))
(10764, (1, 0))
(156, (1, 0))
(249, (1, 0))
(10905, (1, 0))
(13299, (1, 0))
(7074, (1, 0))
(12555, (1, 0))
(13857, (1, 1))
(7206, (1, 0))
(9849, (1, 0))
(10326, (1, 0))
(12663, (1, 0))
(1791, (1, 0))
(2397, (1, 0))
(4191, (1, 0))
(12894, (1, 0))
(13029, (1, 0))
(7224, (1, 0))
(2817, (1, 1))
(10995, (1, 0))
(2127, (1, 0))
(8145, (1, 0))
(14580, (1, 0))
(5349, (1, 0))
(3912, (1, 0))
(7182, (1, 0))
(1785, (1, 0))
(2130, (1, 0))
(6399, (1, 0))
(5226, (1, 0))
(8739, (1, 0))
(297, (1, 0))
(8643, (1, 0))
(4200, (1, 0))
(2952, (1, 0))
(10704, (1, 0))
(2790, (1, 1))
(3867, (1, 0))
(12459, (1, 0))
(1128, (1, 0))
(2880, (1, 0))
(10806, (1, 0))
(7428, (1, 0))
(2019, (1, 0))
(7410, (1, 0))
(1668, (1, 0))
(12498, (1, 0))
(14094, (1, 0))
(9303, (1, 0))
(7758, (1, 0))
(7962, (1, 0))
(11160, (1, 0))
(9228, (1, 0))
(6222, (1, 0))
(10002, (1, 0))
(10032, (1, 0))
(11763, (1, 0))
(14331, (1, 0))
(8976, (1, 0))
(7434, (1, 0))
(357, (1, 0))
(14028, (1, 0))
(12102, (1, 0))
(501, (1, 0))
(13800, (1, 0))
(14082, (1, 0))
(171, (1, 0))
(6744, (1, 0))
(9126, (1, 0))
(1401, (1, 0))
(10368, (1, 0))
(975, (1, 0))
(12855, (1, 0))
(9111, (1, 0))
(1239, (1, 0))
(1488, (1, 0))
(11061, (1, 0))
(12180, (1, 0))
(11013, (1, 0))
(12993, (1, 0))
(13785, (1, 1))
(4872, (1, 0))
(4092, (1, 0))
(13176, (1, 0))
(13824, (1, 0))
(6939, (1, 0))
(9762, (1, 0))
(1437, (1, 0))
(9612, (1, 0))
(4278, (1, 0))
(8667, (1, 0))
(4827, (1, 0))
(7686, (1, 0))
(12294, (1, 0))
(2934, (1, 0))
(5406, (1, 0))
(3546, (1, 0))
(12420, (1, 0))
(1008, (1, 0))
(4902, (1, 0))
(8634, (1, 0))
(1209, (1, 0))
(3126, (1, 0))
(8649, (1, 0))
(10140, (1, 0))
(10797, (1, 0))
(2829, (1, 0))
(9345, (1, 0))
(783, (1, 0))
(546, (1, 0))
(11502, (1, 0))
(2361, (1, 0))
(12750, (1, 0))
(8037, (1, 0))
(8817, (1, 0))
(3234, (1, 0))
(1959, (1, 0))
(315, (1, 0))
(9384, (1, 0))
(4542, (1, 0))
(5355, (1, 0))
(8016, (1, 0))
(1044, (1, 0))
(876, (1, 0))
(10059, (1, 0))
(11466, (1, 0))
(5682, (1, 0))
(8829, (1, 1))
(3324, (1, 0))
(11391, (1, 0))
(7422, (1, 0))
(10020, (1, 0))
(1764, (1, 0))
(1473, (1, 0))
(7149, (1, 0))
(9777, (1, 0))
(3309, (1, 0))
(6642, (1, 0))
(6201, (1, 0))
(2919, (1, 0))
(7371, (1, 0))
(11151, (1, 0))
(11310, (1, 0))
(528, (1, 0))
(12912, (1, 0))
(12240, (1, 0))
(66, (1, 0))
(4143, (1, 0))
(8097, (1, 0))
(12063, (1, 0))
(12051, (1, 0))
(14256, (1, 0))
(13188, (1, 0))
(3285, (1, 0))
(7443, (1, 0))
(5982, (1, 0))
(11742, (1, 0))
(2913, (1, 0))
(8259, (1, 0))
(486, (1, 0))
(5088, (1, 0))
(6261, (1, 0))
(9081, (1, 0))
(6495, (1, 0))
(11580, (1, 0))
(14316, (1, 0))
(2346, (1, 0))
(12966, (1, 0))
(96, (1, 0))
(3873, (1, 0))
(132, (1, 0))
(11967, (1, 0))
(13944, (1, 0))
(13971, (1, 0))
(6621, (1, 0))
(2718, (1, 0))
(14406, (1, 0))
(855, (1, 0))
(1002, (1, 0))
(1605, (1, 0))
(8064, (1, 0))
(1509, (1, 0))
(3141, (1, 0))
(7050, (1, 0))
(2523, (1, 0))
(14259, (1, 0))
(12561, (1, 0))
(9216, (1, 0))
(6618, (1, 0))
(4686, (1, 0))
(8043, (1, 0))
(11604, (1, 0))
(12651, (1, 0))
(9606, (1, 1))
(11700, (1, 0))
(4581, (1, 0))
(12957, (1, 0))
(11538, (1, 0))
(14496, (1, 0))
(10848, (1, 0))
(8742, (1, 0))
(10833, (1, 0))
(9390, (1, 0))
(3063, (1, 0))
(14055, (1, 0))
(1017, (1, 0))
(10542, (1, 0))
(1707, (1, 0))
(10284, (1, 0))
(10773, (1, 0))
(3027, (1, 0))
(14673, (1, 0))
(192, (1, 0))
(11562, (1, 0))
(13683, (1, 0))
(10173, (1, 0))
(14490, (1, 0))
(8601, (1, 0))
(13635, (1, 0))
(4071, (1, 0))
(5649, (1, 0))
(2352, (1, 0))
(10149, (1, 0))
(9798, (1, 0))
(7164, (1, 0))
(7089, (1, 0))
(1896, (1, 0))
(6351, (1, 0))
(6249, (1, 0))
(2232, (1, 0))
(3921, (1, 0))
(10071, (1, 0))
(5700, (1, 0))
(11379, (1, 0))
(5697, (1, 0))
(3426, (1, 0))
(9771, (1, 0))
(13134, (1, 0))
(1584, (1, 0))
(6360, (1, 0))
(10353, (1, 0))
(7116, (1, 0))
(4914, (1, 0))
(10821, (1, 0))
(795, (1, 0))
(8706, (1, 0))
(8994, (1, 0))
(8928, (1, 0))
(9879, (1, 0))
(14484, (1, 0))
(11367, (1, 0))
(918, (1, 0))
(10923, (1, 0))
(6789, (1, 0))
(1068, (1, 0))
(4608, (1, 0))
(11232, (1, 0))
(4266, (1, 0))
(7239, (1, 0))
(4452, (1, 0))
(1575, (1, 0))
(4758, (1, 0))
(1848, (1, 0))
(12585, (1, 0))
(9372, (1, 0))
(6417, (1, 0))
(6393, (1, 0))
(8619, (1, 0))
(7467, (1, 0))
(11856, (1, 0))
(3948, (1, 0))
(11868, (1, 0))
(4662, (1, 0))
(12627, (1, 0))
(9354, (1, 0))
(5562, (1, 0))
(12168, (1, 0))
(4668, (1, 0))
(14469, (1, 0))
(7356, (1, 1))
(11112, (1, 0))
(14052, (1, 0))
(13917, (1, 0))
(9735, (1, 0))
(9807, (1, 0))
(7494, (1, 0))
(5211, (1, 0))
(11211, (1, 0))
(13494, (1, 0))
(4401, (1, 0))
(11853, (1, 0))
(5499, (1, 0))
(7938, (1, 0))
(8238, (1, 0))
(10947, (1, 0))
(621, (1, 0))
(5787, (1, 0))
(150, (1, 0))
(10296, (1, 0))
(5439, (1, 0))
(11976, (1, 0))
(9618, (1, 0))
(3072, (1, 0))
(10053, (1, 0))
(11226, (1, 0))
(7701, (1, 0))
(13818, (1, 0))
(10650, (1, 0))
(8898, (1, 0))
(14571, (1, 0))
(5955, (1, 0))
(7401, (1, 0))
(4863, (1, 0))
(3936, (1, 0))
(1515, (1, 0))
(14115, (1, 0))
(6129, (1, 0))
(1152, (1, 0))
(1254, (1, 0))
(8226, (1, 0))
(1410, (1, 0))
(13093, (0, 0))
(14548, (0, 0))
(10633, (0, 0))
(688, (0, 0))
(4648, (0, 0))
(5164, (0, 0))
(5806, (0, 0))
(2776, (0, 0))
(3022, (0, 0))
(7663, (0, 0))
(10936, (0, 0))
(7171, (0, 0))
(5254, (0, 0))
(2749, (0, 0))
(2899, (0, 0))
(6088, (0, 0))
(8251, (0, 0))
(13090, (0, 1))
(11476, (0, 0))
(6067, (0, 0))
(12076, (0, 0))
(2536, (0, 0))
(10597, (0, 0))
(11110, (0, 0))
(13423, (0, 0))
(4354, (0, 0))
(10708, (0, 0))
(7588, (0, 0))
(1057, (0, 0))
(5047, (0, 0))
(7222, (0, 0))
(9910, (0, 0))
(10327, (0, 0))
(10069, (0, 0))
(11038, (0, 0))
(11008, (0, 0))
(2071, (0, 0))
(13033, (0, 0))
(3148, (0, 0))
(13873, (0, 0))
(10918, (0, 0))
(12232, (0, 0))
(4924, (0, 0))
(13084, (0, 0))
(2950, (0, 0))
(8713, (0, 0))
(5872, (0, 0))
(12979, (0, 0))
(5614, (0, 0))
(2767, (0, 0))
(1999, (0, 0))
(9337, (0, 0))
(8449, (0, 0))
(10204, (0, 0))
(12631, (0, 0))
(2446, (0, 0))
(421, (0, 0))
(3643, (0, 0))
(9451, (0, 0))
(12643, (0, 0))
(7720, (0, 0))
(7954, (0, 0))
(7693, (0, 0))
(6889, (0, 0))
(4249, (0, 0))
(6322, (0, 1))
(12655, (0, 0))
(2482, (0, 0))
(13405, (0, 0))
(14038, (0, 0))
(12958, (0, 0))
(1537, (0, 0))
(3235, (0, 0))
(5752, (0, 0))
(7408, (0, 0))
(3874, (0, 0))
(8197, (0, 0))
(13387, (0, 0))
(14284, (0, 0))
(6016, (0, 0))
(445, (0, 0))
(5446, (0, 0))
(11422, (0, 0))
(2773, (0, 0))
(6604, (0, 0))
(12034, (0, 0))
(13657, (0, 0))
(1309, (0, 0))
(5407, (0, 0))
(12301, (0, 0))
(4405, (0, 0))
(5452, (0, 0))
(8248, (0, 0))
(5089, (0, 0))
(10375, (0, 0))
(5101, (0, 0))
(9646, (0, 0))
(8191, (0, 0))
(7462, (0, 0))
(5338, (0, 0))
(9091, (0, 0))
(5854, (0, 0))
(12592, (0, 0))
(5314, (0, 0))
(6406, (0, 0))
(13780, (0, 0))
(11518, (0, 0))
(4027, (0, 0))
(2710, (0, 0))
(10021, (0, 0))
(6628, (0, 0))
(439, (0, 0))
(7747, (0, 0))
(1885, (0, 0))
(4951, (0, 0))
(12199, (0, 1))
(9334, (0, 0))
(10237, (0, 0))
(5428, (0, 0))
(6361, (0, 0))
(253, (0, 0))
(7168, (0, 0))
(13411, (0, 0))
(13552, (0, 0))
(7441, (0, 0))
(13027, (0, 0))
(14179, (0, 0))
(9085, (0, 0))
(2662, (0, 0))
(5641, (0, 0))
(14275, (0, 0))
(12859, (0, 0))
(9514, (0, 0))
(562, (0, 0))
(9862, (0, 0))
(3463, (0, 0))
(10783, (0, 0))
(10930, (0, 0))
(3880, (0, 0))
(12460, (0, 0))
(7705, (0, 0))
(6391, (0, 0))
(13180, (0, 0))
(13486, (0, 0))
(13273, (0, 0))
(11773, (0, 0))
(2155, (0, 0))
(11485, (0, 0))
(3829, (0, 0))
(12670, (0, 0))
(10747, (0, 0))
(430, (0, 0))
(838, (0, 0))
(1936, (0, 0))
(14272, (0, 0))
(8863, (0, 0))
(9163, (0, 0))
(10933, (0, 0))
(8719, (0, 0))
(14560, (0, 0))
(12208, (0, 0))
(10882, (0, 0))
(13945, (0, 0))
(6268, (0, 0))
(13111, (0, 0))
(12496, (0, 0))
(3769, (0, 0))
(2326, (0, 0))
(13510, (0, 0))
(5239, (0, 0))
(1546, (0, 0))
(14386, (0, 0))
(2962, (0, 0))
(12901, (0, 0))
(12211, (0, 0))
(8470, (0, 0))
(4081, (0, 0))
(6223, (0, 0))
(7327, (0, 0))
(7150, (0, 0))
(11386, (0, 0))
(4528, (0, 0))
(14089, (0, 0))
(9346, (0, 0))
(5359, (0, 0))
(8107, (0, 0))
(14611, (0, 0))
(4009, (0, 0))
(2164, (0, 0))
(12562, (0, 0))
(5200, (0, 0))
(517, (0, 0))
(643, (0, 0))
(5632, (0, 0))
(8362, (0, 0))
(11425, (0, 0))
(3802, (0, 0))
(9661, (0, 0))
(12820, (0, 0))
(3697, (0, 0))
(10858, (0, 1))
(12247, (0, 0))
(2902, (0, 0))
(8971, (0, 0))
(10099, (0, 0))
(334, (0, 0))
(3253, (0, 0))
(13333, (0, 0))
(4999, (0, 0))
(13864, (0, 0))
(6814, (0, 0))
(13651, (0, 0))
(6694, (0, 0))
(9478, (0, 0))
(5284, (0, 0))
(10687, (0, 0))
(1966, (0, 0))
(12457, (0, 0))
(6136, (0, 0))
(4693, (0, 0))
(8611, (0, 0))
(9439, (0, 0))
(1426, (0, 0))
(5197, (0, 0))
(700, (0, 0))
(11101, (0, 0))
(3886, (0, 0))
(10669, (0, 0))
(10201, (0, 0))
(12595, (0, 0))
(12175, (0, 0))
(9649, (0, 0))
(9946, (0, 0))
(11242, (0, 0))
(5488, (0, 0))
(12091, (0, 0))
(9616, (0, 0))
(4585, (0, 0))
(12151, (0, 0))
(8188, (0, 0))
(7621, (0, 0))
(9319, (0, 0))
(1741, (0, 0))
(6997, (0, 0))
(8149, (0, 0))
(6961, (0, 0))
(2131, (0, 0))
(3556, (0, 0))
(6760, (0, 0))
(7207, (0, 0))
(8725, (0, 0))
(9538, (0, 0))
(13264, (0, 0))
(14647, (0, 0))
(9913, (0, 0))
(3775, (0, 0))
(9112, (0, 0))
(6373, (0, 0))
(5179, (0, 0))
(6856, (0, 0))
(12835, (0, 0))
(3625, (0, 0))
(7879, (0, 0))
(283, (0, 0))
(1129, (0, 0))
(7030, (0, 0))
(7771, (0, 0))
(4600, (0, 0))
(9484, (0, 0))
(3787, (0, 0))
(9709, (0, 0))
(2431, (0, 0))
(5494, (0, 0))
(3247, (0, 0))
(13204, (0, 0))
(12334, (0, 0))
(8170, (0, 0))
(10822, (0, 0))
(9316, (0, 0))
(14344, (0, 0))
(9046, (0, 0))
(13894, (0, 0))
(11569, (0, 0))
(4078, (0, 0))
(7138, (0, 0))
(4717, (0, 0))
(220, (0, 0))
(12331, (0, 0))
(4642, (0, 0))
(11626, (0, 0))
(3607, (0, 0))
(2941, (0, 0))
(10672, (0, 0))
(3385, (0, 0))
(6013, (0, 0))
(11329, (0, 0))
(9313, (0, 0))
(12568, (0, 0))
(9811, (0, 0))
(2893, (0, 0))
(5305, (0, 0))
(11956, (0, 0))
(9463, (0, 0))
(2017, (0, 0))
(4168, (0, 0))
(1630, (0, 0))
(10399, (0, 0))
(5377, (0, 0))
(1480, (0, 0))
(61, (0, 0))
(10477, (0, 1))
(13537, (0, 0))
(6595, (0, 0))
(64, (0, 1))
(9001, (0, 0))
(2602, (0, 0))
(5104, (0, 0))
(4321, (0, 0))
(3805, (0, 0))
(5485, (0, 0))
(12745, (0, 0))
(6400, (0, 0))
(9964, (0, 0))
(2239, (0, 0))
(9124, (0, 0))
(2086, (0, 0))
(9385, (0, 0))
(14638, (0, 0))
(12475, (0, 0))
(9286, (0, 0))
(11314, (0, 0))
(11542, (0, 0))
(8332, (0, 0))
(11218, (0, 0))
(6877, (0, 0))
(2830, (0, 0))
(5728, (0, 0))
(4426, (0, 0))
(2146, (0, 0))
(2854, (0, 0))
(12292, (0, 0))
(14464, (0, 0))
(9697, (0, 0))
(9064, (0, 0))
(14596, (0, 0))
(13384, (0, 0))
(2188, (0, 0))
(4597, (0, 0))
(7159, (0, 0))
(11311, (0, 0))
(7927, (0, 0))
(5017, (0, 0))
(43, (0, 0))
(11575, (0, 0))
(8794, (0, 0))
(2263, (0, 0))
(6409, (0, 0))
(7465, (0, 0))
(628, (0, 0))
(3952, (0, 0))
(1717, (0, 0))
(10720, (0, 0))
(6685, (0, 0))
(5560, (0, 0))
(5011, (0, 0))
(613, (0, 0))
(2425, (0, 0))
(928, (0, 0))
(11677, (0, 0))
(11710, (0, 0))
(5908, (0, 0))
(3328, (0, 0))
(8269, (0, 0))
(2251, (0, 0))
(10702, (0, 0))
(8626, (0, 0))
(865, (0, 1))
(982, (0, 0))
(1036, (0, 0))
(979, (0, 0))
(9985, (0, 0))
(9793, (0, 0))
(1897, (0, 0))
(10927, (0, 0))
(8557, (0, 0))
(13972, (0, 0))
(14371, (0, 0))
(13186, (0, 0))
(13006, (0, 0))
(10459, (0, 0))
(5569, (0, 0))
(5437, (0, 0))
(13801, (0, 0))
(3475, (0, 0))
(14107, (0, 0))
(11134, (0, 0))
(7834, (0, 0))
(6619, (0, 0))
(3907, (0, 0))
(9214, (0, 0))
(12205, (0, 0))
(9028, (0, 0))
(7363, (0, 0))
(12442, (0, 0))
(3142, (0, 0))
(9295, (0, 0))
(14080, (0, 0))
(3784, (0, 0))
(3826, (0, 0))
(12049, (0, 0))
(358, (0, 0))
(8908, (0, 0))
(5611, (0, 0))
(14236, (0, 0))
(3067, (0, 0))
(14044, (0, 0))
(181, (0, 0))
(10945, (0, 0))
(1900, (0, 0))
(3097, (0, 0))
(6910, (0, 0))
(6817, (0, 0))
(13159, (0, 0))
(12883, (0, 0))
(6295, (0, 0))
(4294, (0, 0))
(12079, (0, 0))
(4981, (0, 0))
(5506, (0, 0))
(1591, (0, 0))
(196, (0, 0))
(11950, (0, 0))
(13561, (0, 0))
(11692, (0, 0))
(10495, (0, 0))
(2338, (0, 0))
(2302, (0, 0))
(11512, (0, 0))
(3061, (0, 0))
(12799, (0, 0))
(5683, (0, 0))
(3796, (0, 0))
(10789, (0, 0))
(12733, (0, 0))
(2242, (0, 0))
(5749, (0, 0))
(7816, (0, 0))
(9706, (0, 0))
(2029, (0, 0))
(1555, (0, 0))
(13711, (0, 0))
(9229, (0, 0))
(391, (0, 0))
(1477, (0, 0))
(13408, (0, 0))
(11548, (0, 0))
(10117, (0, 0))
(259, (0, 0))
(11083, (0, 0))
(10867, (0, 0))
(8365, (0, 0))
(11674, (0, 0))
(5206, (0, 0))
(4690, (0, 0))
(11371, (0, 0))
(9574, (0, 0))
(6667, (0, 0))
(295, (0, 0))
(13177, (0, 0))
(10975, (0, 0))
(4993, (0, 0))
(8977, (0, 0))
(11611, (0, 0))
(3757, (0, 0))
(2611, (0, 0))
(8152, (0, 0))
(14569, (0, 0))
(7012, (0, 0))
(8239, (0, 0))
(14689, (0, 0))
(4798, (0, 0))
(9349, (0, 0))
(4234, (0, 0))
(7414, (0, 0))
(14623, (0, 0))
(7165, (0, 0))
(4996, (0, 0))
(931, (0, 0))
(3772, (0, 0))
(14566, (0, 0))
(8554, (0, 0))
(2020, (0, 0))
(3721, (0, 0))
(13198, (0, 0))
(583, (0, 0))
(14020, (0, 0))
(12133, (0, 0))
(12913, (0, 0))
(11215, (0, 0))
(1114, (0, 0))
(1108, (0, 0))
(12529, (0, 0))
(14443, (0, 0))
(13420, (0, 0))
(13546, (0, 0))
(5002, (0, 0))
(3307, (0, 0))
(1048, (0, 0))
(13813, (0, 0))
(5917, (0, 0))
(14506, (0, 0))
(7948, (0, 0))
(13810, (0, 0))
(556, (0, 0))
(12880, (0, 0))
(12367, (0, 0))
(9043, (0, 0))
(1621, (0, 0))
(12874, (0, 0))
(5578, (0, 0))
(7105, (0, 0))
(5719, (0, 0))
(1840, (0, 0))
(3070, (0, 0))
(14218, (0, 0))
(5992, (0, 0))
(11362, (0, 0))
(14494, (0, 0))
(2563, (0, 0))
(11059, (0, 0))
(1423, (0, 0))
(12892, (0, 0))
(9427, (0, 0))
(7564, (0, 0))
(11428, (0, 0))
(13162, (0, 0))
(7468, (0, 0))
(2200, (0, 0))
(2278, (0, 0))
(11551, (0, 0))
(6076, (0, 0))
(6106, (0, 0))
(12658, (0, 0))
(12868, (0, 0))
(10717, (0, 0))
(3844, (0, 0))
(10174, (0, 0))
(1945, (0, 0))
(10408, (0, 0))
(4462, (0, 0))
(11584, (0, 0))
(8206, (0, 0))
(973, (0, 0))
(4171, (0, 0))
(3541, (0, 0))
(3493, (0, 0))
(8242, (0, 0))
(4837, (0, 0))
(8254, (0, 0))
(13750, (0, 0))
(8218, (0, 0))
(14527, (0, 0))
(5815, (0, 0))
(4534, (0, 0))
(3349, (0, 0))
(12667, (0, 0))
(6085, (0, 0))
(205, (0, 0))
(10951, (0, 0))
(6715, (0, 0))
(8458, (0, 0))
(8116, (0, 0))
(13555, (0, 0))
(4822, (0, 0))
(6064, (0, 0))
(14497, (0, 0))
(3205, (0, 0))
(13930, (0, 0))
(5599, (0, 0))
(1825, (0, 0))
(4615, (0, 0))
(14176, (0, 0))
(3196, (0, 0))
(8995, (0, 0))
(7390, (0, 0))
(7273, (0, 0))
(8533, (0, 0))
(172, (0, 0))
(1495, (0, 0))
(3904, (0, 0))
(12760, (0, 0))
(1720, (0, 0))
(7831, (0, 0))
(9403, (0, 0))
(7015, (0, 0))
(1924, (0, 0))
(9301, (0, 0))
(11617, (0, 0))
(7420, (0, 0))
(2248, (0, 0))
(2620, (0, 0))
(4699, (0, 0))
(742, (0, 0))
(6709, (0, 0))
(13642, (0, 0))
(12769, (0, 0))
(13924, (0, 0))
(10357, (0, 0))
(5167, (0, 0))
(7231, (0, 0))
(529, (0, 0))
(12262, (0, 0))
(8413, (0, 0))
(6421, (0, 0))
(808, (0, 0))
(1981, (0, 0))
(11527, (0, 0))
(5512, (0, 0))
(2614, (0, 0))
(7366, (0, 0))
(4369, (0, 0))
(1153, (0, 0))
(5083, (0, 0))
(14203, (0, 0))
(10018, (0, 0))
(11818, (0, 0))
(14395, (0, 0))
(14056, (0, 0))
(12931, (0, 0))
(11587, (0, 0))
(6712, (0, 0))
(2269, (0, 0))
(11728, (0, 0))
(14293, (0, 0))
(6448, (0, 0))
(6544, (0, 0))
(10690, (0, 0))
(8440, (0, 0))
(8422, (0, 0))
(9490, (0, 0))
(1951, (0, 0))
(7039, (0, 0))
(829, (0, 0))
(14356, (0, 0))
(6028, (0, 0))
(12694, (0, 0))
(9106, (0, 0))
(9199, (0, 0))
(7255, (0, 0))
(8023, (0, 0))
(12181, (0, 0))
(12103, (0, 0))
(11668, (0, 0))
(3814, (0, 0))
(14518, (0, 0))
(1033, (0, 0))
(4651, (0, 0))
(9982, (0, 0))
(10741, (0, 0))
(6934, (0, 0))
(3514, (0, 0))
(5299, (0, 0))
(14584, (0, 0))
(9355, (0, 0))
(9682, (0, 0))
(6991, (0, 0))
(12115, (0, 0))
(8704, (0, 0))
(4195, (0, 0))
(2686, (0, 0))
(14065, (0, 0))
(703, (0, 0))
(11671, (0, 0))
(11320, (0, 0))
(6091, (0, 0))
(10612, (0, 0))
(511, (0, 0))
(10048, (0, 0))
(12952, (0, 0))
(13438, (0, 0))
(12898, (0, 0))
(14581, (0, 0))
(2824, (0, 0))
(14524, (0, 0))
(5668, (0, 0))
(4063, (0, 0))
(5296, (0, 0))
(8347, (0, 0))
(4807, (0, 0))
(3199, (0, 0))
(721, (0, 0))
(3340, (0, 0))
(6043, (0, 0))
(673, (0, 0))
(3031, (0, 0))
(11500, (0, 0))
(3220, (0, 0))
(10537, (0, 0))
(466, (0, 0))
(12220, (0, 0))
(7198, (0, 0))
(2458, (0, 0))
(13225, (0, 0))
(9880, (0, 0))
(10000, (0, 1))
(11290, (0, 0))
(9256, (0, 0))
(1576, (0, 1))
(10678, (0, 0))
(9391, (0, 0))
(13459, (0, 0))
(8335, (0, 0))
(7258, (0, 0))
(8674, (0, 0))
(4375, (0, 0))
(4030, (0, 0))
(12625, (0, 0))
(877, (0, 0))
(3421, (0, 0))
(3379, (0, 0))
(14683, (0, 0))
(11536, (0, 0))
(292, (0, 0))
(2623, (0, 0))
(7093, (0, 0))
(5014, (0, 0))
(8728, (0, 0))
(1054, (0, 0))
(3883, (0, 0))
(7714, (0, 0))
(4213, (0, 0))
(3103, (0, 0))
(13456, (0, 0))
(11971, (0, 0))
(11650, (0, 0))
(8818, (0, 0))
(13744, (0, 0))
(1270, (0, 0))
(10762, (0, 0))
(10756, (0, 0))
(1012, (0, 0))
(4678, (0, 0))
(13213, (0, 0))
(9877, (0, 0))
(13549, (0, 0))
(10948, (0, 0))
(1177, (0, 0))
(913, (0, 0))
(12841, (0, 0))
(11782, (0, 0))
(9436, (0, 0))
(11608, (0, 0))
(1747, (0, 1))
(13279, (0, 0))
(13771, (0, 0))
(12856, (0, 0))
(12634, (0, 0))
(5431, (0, 0))
(5464, (0, 0))
(3469, (0, 0))
(13078, (0, 0))
(14074, (0, 0))
(505, (0, 0))
(2980, (0, 0))
(3439, (0, 0))
(1408, (0, 0))
(8893, (0, 0))
(10555, (0, 0))
(14095, (0, 0))
(4960, (0, 0))
(5659, (0, 0))
(7177, (0, 0))
(2647, (0, 0))
(14314, (0, 0))
(2755, (0, 0))
(11089, (0, 0))
(1519, (0, 0))
(14491, (0, 0))
(8320, (0, 0))
(2185, (0, 0))
(10807, (0, 0))
(9178, (0, 0))
(6994, (0, 0))
(6508, (0, 0))
(3481, (0, 0))
(11641, (0, 0))
(11662, (0, 0))
(3793, (0, 0))
(9019, (0, 0))
(6310, (0, 0))
(5698, (0, 0))
(4939, (0, 0))
(8563, (0, 0))
(550, (0, 0))
(8581, (0, 0))
(11968, (0, 0))
(12703, (0, 0))
(11395, (0, 0))
(7591, (0, 0))
(5911, (0, 0))
(5623, (0, 0))
(6925, (0, 0))
(11863, (0, 0))
(12679, (0, 0))
(13396, (0, 0))
(7603, (0, 0))
(9664, (0, 0))
(7387, (0, 0))
(3370, (0, 0))
(10714, (0, 0))
(10987, (0, 0))
(160, (0, 0))
(2374, (0, 0))
(1456, (0, 0))
(3910, (0, 0))
(14674, (0, 0))
(7372, (0, 0))
(4885, (0, 0))
(7075, (0, 0))
(5785, (0, 0))
(4252, (0, 0))
(13069, (0, 0))
(9421, (0, 0))
(10414, (0, 0))
(7525, (0, 0))
(7762, (0, 0))
(6208, (0, 0))
(7510, (0, 0))
(6157, (0, 0))
(1618, (0, 0))
(5881, (0, 0))
(11557, (0, 0))
(14380, (0, 0))
(7021, (0, 0))
(3322, (0, 1))
(7186, (0, 0))
(12739, (0, 0))
(3631, (0, 0))
(8836, (0, 0))
(13921, (0, 0))
(6019, (0, 0))
(3511, (0, 0))
(10522, (0, 0))
(547, (0, 0))
(14269, (0, 0))
(6187, (0, 0))
(1243, (0, 0))
(7681, (0, 0))
(7867, (0, 0))
(8551, (0, 0))
(8716, (0, 0))
(8479, (0, 0))
(3664, (0, 0))
(7840, (0, 0))
(1390, (0, 0))
(6133, (0, 0))
(13495, (0, 0))
(1021, (0, 0))
(4828, (0, 0))
(7156, (0, 0))
(3208, (0, 0))
(8020, (0, 0))
(1219, (0, 0))
(11224, (0, 1))
(7048, (0, 1))
(8455, (0, 0))
(12484, (0, 0))
(37, (0, 0))
(12388, (0, 0))
(11077, (0, 0))
(13564, (0, 0))
(7285, (0, 0))
(6055, (0, 0))
(11344, (0, 0))
(8182, (0, 0))
(10444, (0, 0))
(157, (0, 0))
(13759, (0, 0))
(1111, (0, 0))
(5065, (0, 0))
(5857, (0, 1))
(11758, (0, 0))
(9292, (0, 0))
(13876, (0, 0))
(7912, (0, 0))
(5797, (0, 0))
(6226, (0, 0))
(12400, (0, 0))
(2734, (0, 0))
(6853, (0, 0))
(8662, (0, 0))
(5938, (0, 0))
(12967, (0, 0))
(9967, (0, 0))
(1441, (0, 0))
(10849, (0, 0))
(4711, (0, 0))
(12814, (0, 0))
(8407, (0, 0))
(193, (0, 0))
(6769, (0, 0))
(4192, (0, 0))
(2569, (0, 0))
(13597, (0, 0))
(727, (0, 0))
(7537, (0, 0))
(3949, (0, 0))
(8923, (0, 0))
(9634, (0, 0))
(2236, (0, 0))
(9466, (0, 0))
(4048, (0, 0))
(9205, (0, 0))
(10402, (0, 0))
(8056, (0, 0))
(11554, (0, 0))
(6784, (0, 0))
(10141, (0, 0))
(4519, (0, 0))
(3034, (0, 0))
(3535, (0, 0))
(1879, (0, 0))
(8134, (0, 0))
(6952, (0, 0))
(14512, (0, 0))
(5095, (0, 0))
(8680, (0, 0))
(12610, (0, 0))
(13447, (0, 0))
(4261, (0, 0))
(12601, (0, 0))
(3487, (0, 0))
(7999, (0, 1))
(14374, (0, 0))
(6907, (0, 0))
(7087, (0, 0))
(58, (0, 0))
(9331, (0, 0))
(3526, (0, 0))
(10492, (0, 0))
(793, (0, 0))
(3670, (0, 0))
(2722, (0, 0))
(3313, (0, 0))
(8500, (0, 0))
(3811, (0, 0))
(4465, (0, 1))
(9937, (0, 0))
(13528, (0, 0))
(2119, (0, 0))
(1852, (0, 0))
(11287, (0, 0))
(298, (0, 0))
(12226, (0, 0))
(10837, (0, 0))
(2317, (0, 0))
(3049, (0, 0))
(10768, (0, 0))
(2437, (0, 0))
(13258, (0, 0))
(1348, (0, 0))
(3982, (0, 0))
(8110, (0, 0))
(1405, (0, 0))
(9781, (0, 0))
(3817, (0, 0))
(10552, (0, 0))
(4735, (0, 0))
(8215, (0, 0))
(8806, (0, 0))
(3019, (0, 0))
(8737, (0, 0))
(5140, (0, 0))
(10159, (0, 0))
(3634, (0, 0))
(12508, (0, 0))
(12511, (0, 0))
(634, (0, 0))
(14377, (1, 0))
(1099, (1, 0))
(2284, (1, 0))
(1132, (1, 0))
(4051, (1, 0))
(7597, (1, 0))
(9826, (1, 1))
(11704, (1, 0))
(11266, (1, 0))
(7417, (1, 0))
(1051, (1, 0))
(10801, (1, 0))
(11203, (1, 0))
(3940, (1, 1))
(4954, (1, 0))
(9220, (1, 0))
(12790, (1, 0))
(3913, (1, 1))
(13114, (1, 0))
(8752, (1, 0))
(8074, (1, 0))
(12808, (1, 1))
(2137, (1, 0))
(3187, (1, 0))
(6568, (1, 0))
(13426, (1, 1))
(2674, (1, 0))
(8743, (1, 0))
(3211, (1, 0))
(12775, (1, 0))
(14221, (1, 0))
(7936, (1, 0))
(6082, (1, 0))
(11734, (1, 0))
(9979, (1, 0))
(6676, (1, 0))
(7270, (1, 0))
(10651, (1, 0))
(10870, (1, 0))
(8491, (1, 0))
(4012, (1, 0))
(11338, (1, 0))
(7189, (1, 0))
(3271, (1, 0))
(4381, (1, 0))
(8131, (1, 0))
(4297, (1, 0))
(7708, (1, 0))
(5503, (1, 0))
(4732, (1, 0))
(11974, (1, 0))
(1180, (1, 0))
(6463, (1, 0))
(994, (1, 0))
(3865, (1, 0))
(11803, (1, 0))
(10879, (1, 0))
(13639, (1, 1))
(10510, (1, 0))
(7624, (1, 0))
(2350, (1, 0))
(4033, (1, 0))
(13318, (1, 0))
(7384, (1, 0))
(8221, (1, 0))
(4645, (1, 1))
(4741, (1, 0))
(11737, (1, 0))
(13663, (1, 0))
(76, (1, 0))
(11857, (1, 0))
(178, (1, 0))
(13618, (1, 0))
(2746, (1, 0))
(5773, (1, 1))
(2362, (1, 0))
(1732, (1, 0))
(4072, (1, 0))
(13492, (1, 0))
(6094, (1, 0))
(1768, (1, 0))
(1453, (1, 0))
(10795, (1, 0))
(2233, (1, 0))
(4264, (1, 0))
(9730, (1, 0))
(4282, (1, 0))
(14005, (1, 0))
(12613, (1, 0))
(1387, (1, 0))
(13156, (1, 0))
(4945, (1, 0))
(5746, (1, 0))
(13543, (1, 0))
(13540, (1, 0))
(13303, (1, 0))
(14671, (1, 0))
(7294, (1, 0))
(2206, (1, 0))
(2716, (1, 0))
(14677, (1, 0))
(616, (1, 0))
(277, (1, 0))
(10285, (1, 0))
(13102, (1, 0))
(10336, (1, 0))
(9865, (1, 1))
(232, (1, 0))
(9088, (1, 0))
(3754, (1, 0))
(6142, (1, 0))
(2506, (1, 0))
(1039, (1, 0))
(10903, (1, 0))
(14191, (1, 0))
(14260, (1, 0))
(2221, (1, 0))
(5941, (1, 0))
(13192, (1, 0))
(10957, (1, 0))
(8632, (1, 0))
(8941, (1, 0))
(5896, (1, 0))
(3667, (1, 0))
(5497, (1, 0))
(4069, (1, 0))
(814, (1, 0))
(7405, (1, 0))
(14167, (1, 0))
(8236, (1, 0))
(142, (1, 0))
(14557, (1, 0))
(8176, (1, 0))
(12586, (1, 0))
(7249, (1, 0))
(9073, (1, 0))
(8209, (1, 0))
(2989, (1, 0))
(7654, (1, 0))
(5914, (1, 0))
(3115, (1, 0))
(6184, (1, 0))
(5185, (1, 0))
(2680, (1, 0))
(6529, (1, 0))
(11392, (1, 0))
(13129, (1, 0))
(175, (1, 0))
(925, (1, 0))
(10366, (1, 0))
(3460, (1, 0))
(2593, (1, 0))
(12376, (1, 0))
(8146, (1, 0))
(10435, (1, 0))
(2416, (1, 0))
(11182, (1, 0))
(8986, (1, 0))
(2203, (1, 0))
(3217, (1, 0))
(7651, (1, 0))
(9535, (1, 0))
(6781, (1, 0))
(6454, (1, 0))
(850, (1, 0))
(2539, (1, 0))
(1429, (1, 0))
(13297, (1, 0))
(2479, (1, 0))
(13039, (1, 0))
(3958, (1, 0))
(12964, (1, 0))
(4174, (1, 0))
(12295, (1, 0))
(10387, (1, 0))
(14617, (1, 0))
(4099, (1, 0))
(7558, (1, 0))
(10735, (1, 0))
(2179, (1, 0))
(520, (1, 0))
(9100, (1, 0))
(7516, (1, 0))
(6820, (1, 0))
(11731, (1, 0))
(7264, (1, 0))
(11509, (1, 0))
(13462, (1, 0))
(9361, (1, 0))
(3985, (1, 0))
(12682, (1, 0))
(7393, (1, 0))
(11116, (1, 0))
(8851, (1, 0))
(14200, (1, 0))
(6382, (1, 0))
(14302, (1, 0))
(9442, (1, 0))
(11107, (1, 0))
(8950, (1, 0))
(9805, (1, 0))
(9625, (1, 0))
(652, (1, 0))
(9757, (1, 0))
(1678, (1, 0))
(14629, (1, 0))
(6061, (1, 0))
(9583, (1, 0))
(6649, (1, 0))
(1030, (1, 0))
(10195, (1, 0))
(2332, (1, 0))
(11947, (1, 0))
(3145, (1, 0))
(5989, (1, 0))
(4774, (1, 0))
(10603, (1, 0))
(8416, (1, 0))
(6475, (1, 0))
(4447, (1, 0))
(4708, (1, 0))
(14143, (1, 0))
(2863, (1, 0))
(6436, (1, 0))
(6169, (1, 0))
(13453, (1, 0))
(10291, (1, 0))
(8881, (1, 0))
(2896, (1, 0))
(1312, (1, 0))
(3166, (1, 0))
(7438, (1, 0))
(13867, (1, 0))
(6742, (1, 0))
(7036, (1, 0))
(2074, (1, 0))
(307, (1, 0))
(14137, (1, 0))
(1417, (1, 0))
(3523, (1, 0))
(4096, (1, 0))
(14359, (1, 0))
(7852, (1, 0))
(11812, (1, 0))
(889, (1, 0))
(9067, (1, 0))
(10192, (1, 0))
(9541, (1, 1))
(11377, (1, 0))
(8179, (1, 0))
(4183, (1, 0))
(12130, (1, 0))
(4483, (1, 0))
(8593, (1, 0))
(514, (1, 0))
(379, (1, 0))
(14704, (1, 0))
(14185, (1, 0))
(3850, (1, 0))
(12064, (1, 0))
(12094, (1, 0))
(13765, (1, 0))
(14170, (1, 0))
(11635, (1, 0))
(3436, (1, 0))
(7891, (1, 0))
(4579, (1, 0))
(3859, (1, 0))
(4930, (1, 0))
(9253, (1, 0))
(1735, (1, 0))
(10171, (1, 0))
(2887, (1, 0))
(14008, (1, 0))
(3682, (1, 0))
(4810, (1, 0))
(97, (1, 0))
(13291, (1, 0))
(7699, (1, 0))
(6163, (1, 0))
(844, (1, 0))
(5362, (1, 0))
(6343, (1, 0))
(8797, (1, 0))
(6613, (1, 0))
(9211, (1, 0))
(9307, (1, 0))
(145, (1, 0))
(13087, (1, 0))
(13183, (1, 0))
(1276, (1, 0))
(247, (1, 0))
(4546, (1, 0))
(8839, (1, 0))
(1204, (1, 0))
(6139, (1, 0))
(4861, (1, 0))
(2395, (1, 0))
(10, (1, 0))
(4957, (1, 0))
(1855, (1, 0))
(13381, (1, 0))
(9208, (1, 0))
(5596, (1, 0))
(10039, (1, 0))
(10561, (1, 0))
(3709, (1, 0))
(13753, (1, 0))
(9397, (1, 0))
(6145, (1, 0))
(11665, (1, 0))
(12328, (1, 0))
(1972, (1, 0))
(13858, (1, 0))
(1579, (1, 0))
(1042, (1, 0))
(10534, (1, 0))
(6589, (1, 0))
(10474, (1, 0))
(13951, (1, 0))
(6556, (1, 0))
(8809, (1, 0))
(9343, (1, 0))
(1996, (1, 0))
(922, (1, 0))
(9010, (1, 0))
(2089, (1, 0))
(1183, (1, 0))
(8926, (1, 0))
(8371, (1, 0))
(1726, (1, 0))
(4531, (1, 0))
(4366, (1, 0))
(5824, (1, 0))
(11104, (1, 0))
(6118, (1, 0))
(12754, (1, 0))
(12478, (1, 0))
(13009, (1, 0))
(11845, (1, 0))
(13792, (1, 0))
(2104, (1, 0))
(12571, (1, 0))
(5647, (1, 0))
(9118, (1, 0))
(3781, (1, 0))
(6898, (1, 0))
(10177, (1, 0))
(10906, (1, 0))
(2509, (1, 0))
(2788, (1, 0))
(1003, (1, 0))
(10540, (1, 0))
(4654, (1, 0))
(6181, (1, 0))
(9859, (1, 0))
(11155, (1, 0))
(2923, (1, 0))
(4777, (1, 1))
(154, (1, 0))
(13984, (1, 0))
(9430, (1, 0))
(13612, (1, 0))
(14509, (1, 0))
(11653, (1, 0))
(6415, (1, 0))
(4147, (1, 0))
(2014, (1, 0))
(8605, (1, 1))
(7990, (1, 0))
(1207, (1, 0))
(3310, (1, 0))
(12109, (1, 0))
(5557, (1, 0))
(2305, (1, 0))
(436, (1, 0))
(13414, (1, 0))
(7942, (1, 0))
(13375, (1, 0))
(8065, (1, 0))
(3391, (1, 0))
(3973, (1, 0))
(6553, (1, 0))
(12061, (1, 0))
(12997, (1, 0))
(8740, (1, 0))
(2986, (1, 0))
(8380, (1, 0))
(5737, (1, 0))
(5758, (1, 0))
(12862, (1, 0))
(2110, (1, 0))
(13996, (1, 0))
(5467, (1, 0))
(9598, (1, 0))
(12160, (1, 0))
(490, (1, 0))
(12766, (1, 0))
(11563, (1, 0))
(12730, (1, 0))
(6253, (1, 0))
(11164, (1, 0))
(6916, (1, 0))
(7354, (1, 0))
(5461, (1, 0))
(4330, (1, 0))
(7636, (1, 0))
(3922, (1, 0))
(11119, (1, 0))
(4435, (1, 0))
(103, (1, 1))
(1690, (1, 0))
(7426, (1, 0))
(4021, (1, 0))
(1474, (1, 0))
(1360, (1, 0))
(2197, (1, 0))
(3028, (1, 1))
(1225, (1, 0))
(1273, (1, 0))
(9169, (1, 0))
(859, (1, 0))
(8884, (1, 0))
(12184, (1, 0))
(856, (1, 0))
(13702, (1, 0))
(8290, (1, 0))
(9919, (1, 0))
(12844, (1, 0))
(6229, (1, 0))
(3319, (1, 0))
(11158, (1, 0))
(3451, (1, 0))
(10060, (1, 0))
(6922, (1, 0))
(4414, (1, 0))
(373, (1, 0))
(8284, (1, 0))
(6469, (1, 0))
(1861, (1, 1))
(667, (1, 0))
(6949, (1, 0))
(7495, (1, 0))
(7234, (1, 0))
(6982, (1, 0))
(1918, (1, 1))
(3289, (1, 0))
(6880, (1, 0))
(2974, (1, 1))
(6850, (1, 0))
(11434, (1, 0))
(6385, (1, 0))
(14026, (1, 0))
(13534, (1, 0))
(8227, (1, 0))
(14068, (1, 0))
(6691, (1, 0))
(250, (1, 0))
(11959, (1, 0))
(4237, (1, 0))
(4222, (1, 1))
(6622, (1, 0))
(3517, (1, 0))
(14332, (1, 0))
(1087, (1, 0))
(1612, (1, 0))
(6868, (1, 0))
(6262, (1, 0))
(14575, (1, 0))
(5962, (1, 0))
(5986, (1, 0))
(13558, (1, 0))
(7561, (1, 0))
(10120, (1, 0))
(13168, (1, 0))
(8833, (1, 0))
(3943, (1, 0))
(7237, (1, 0))
(169, (1, 0))
(12928, (1, 0))
(10519, (1, 0))
(7687, (1, 0))
(868, (1, 0))
(5767, (1, 0))
(11317, (1, 0))
(12043, (1, 0))
(10753, (1, 0))
(14113, (1, 1))
(9724, (1, 0))
(11398, (1, 1))
(13594, (1, 0))
(7915, (1, 1))
(2125, (1, 0))
(2587, (1, 0))
(9223, (1, 0))
(2782, (1, 0))
(8173, (1, 0))
(733, (1, 0))
(2152, (1, 0))
(9868, (1, 0))
(3577, (1, 0))
(14572, (1, 0))
(7894, (1, 0))
(11890, (1, 0))
(9259, (1, 0))
(2497, (1, 0))
(7459, (1, 0))
(9631, (1, 0))
(6241, (1, 0))
(11410, (1, 0))
(3092, (0, 0))
(3845, (0, 0))
(3959, (0, 0))
(6314, (0, 0))
(12818, (0, 0))
(13958, (0, 0))
(9839, (0, 0))
(12743, (0, 0))
(719, (0, 0))
(2501, (0, 0))
(2384, (0, 0))
(4136, (0, 0))
(14330, (0, 0))
(17, (0, 0))
(3806, (0, 0))
(8849, (0, 0))
(5309, (0, 0))
(4901, (0, 0))
(1286, (0, 0))
(4271, (0, 0))
(2015, (0, 0))
(14519, (0, 0))
(842, (0, 0))
(5933, (0, 0))
(8003, (0, 0))
(8903, (0, 0))
(2951, (0, 0))
(4595, (0, 0))
(2297, (0, 0))
(9086, (0, 0))
(13679, (0, 0))
(10244, (0, 0))
(9158, (0, 0))
(4121, (0, 0))
(8126, (0, 0))
(9827, (0, 0))
(3167, (0, 0))
(12803, (0, 0))
(5852, (0, 0))
(4463, (0, 0))
(6896, (0, 0))
(10715, (0, 0))
(9068, (0, 0))
(9053, (0, 0))
(4478, (0, 0))
(6536, (0, 0))
(5912, (0, 0))
(12293, (0, 0))
(12836, (0, 0))
(230, (0, 0))
(7679, (0, 0))
(3962, (0, 0))
(8498, (0, 0))
(3830, (0, 0))
(13643, (0, 0))
(5414, (0, 0))
(5588, (0, 0))
(5618, (0, 0))
(10736, (0, 0))
(13100, (0, 0))
(9791, (0, 0))
(13598, (0, 0))
(12146, (0, 0))
(8585, (0, 0))
(1220, (0, 0))
(6692, (0, 0))
(6614, (0, 0))
(5117, (0, 0))
(13358, (0, 0))
(5909, (0, 0))
(7826, (0, 0))
(3722, (0, 0))
(12092, (0, 0))
(134, (0, 0))
(2267, (0, 0))
(4544, (0, 0))
(632, (0, 1))
(14336, (0, 0))
(7616, (0, 0))
(12425, (0, 0))
(14321, (0, 0))
(2426, (0, 0))
(2885, (0, 0))
(7175, (0, 0))
(8918, (0, 0))
(3284, (0, 0))
(9962, (0, 0))
(4475, (0, 0))
(14441, (0, 0))
(7250, (0, 0))
(12917, (0, 0))
(5042, (0, 0))
(3077, (0, 0))
(13304, (0, 0))
(9653, (0, 0))
(4850, (0, 0))
(9863, (0, 0))
(7490, (0, 0))
(710, (0, 0))
(4307, (0, 0))
(1223, (0, 0))
(7910, (0, 0))
(2093, (0, 0))
(13754, (0, 0))
(6377, (0, 0))
(1316, (0, 0))
(4631, (0, 0))
(9251, (0, 0))
(13265, (0, 0))
(14204, (0, 0))
(10820, (0, 0))
(6275, (0, 0))
(12341, (0, 0))
(1367, (0, 0))
(5702, (0, 0))
(10313, (0, 0))
(4001, (0, 0))
(6122, (0, 0))
(689, (0, 0))
(5948, (0, 0))
(7310, (0, 0))
(3020, (0, 0))
(6248, (0, 0))
(12452, (0, 0))
(8390, (0, 0))
(2702, (0, 0))
(6287, (0, 0))
(12401, (0, 0))
(14573, (0, 0))
(12698, (0, 0))
(1109, (0, 0))
(14651, (0, 0))
(2900, (0, 0))
(6650, (0, 0))
(13793, (0, 0))
(3854, (0, 0))
(6569, (0, 0))
(6560, (0, 0))
(167, (0, 0))
(9944, (0, 0))
(12338, (0, 0))
(665, (0, 0))
(4925, (0, 0))
(11480, (0, 0))
(10088, (0, 0))
(821, (0, 0))
(13148, (0, 0))
(10250, (0, 0))
(746, (0, 0))
(9464, (0, 0))
(5717, (0, 0))
(11210, (0, 0))
(4838, (0, 0))
(9551, (0, 0))
(2186, (0, 0))
(12110, (0, 0))
(1976, (0, 0))
(11357, (0, 0))
(10637, (0, 0))
(11318, (0, 0))
(2222, (0, 0))
(12212, (0, 0))
(1700, (0, 0))
(11591, (0, 0))
(7019, (0, 0))
(11666, (0, 0))
(8258, (0, 0))
(6473, (0, 0))
(9920, (0, 0))
(11330, (0, 0))
(221, (0, 0))
(1751, (0, 0))
(3647, (0, 0))
(12680, (0, 0))
(14582, (0, 0))
(11510, (0, 0))
(4190, (0, 0))
(13703, (0, 0))
(7505, (0, 0))
(9956, (0, 0))
(11768, (0, 0))
(10055, (0, 0))
(6059, (0, 0))
(3938, (0, 0))
(12905, (0, 0))
(7613, (0, 0))
(10460, (0, 0))
(3482, (0, 0))
(4637, (0, 0))
(5030, (0, 0))
(5666, (0, 0))
(10928, (0, 0))
(3857, (0, 0))
(8243, (0, 0))
(13508, (0, 0))
(14327, (0, 0))
(11555, (0, 0))
(11117, (0, 0))
(14072, (0, 0))
(12053, (0, 0))
(3377, (0, 0))
(11822, (0, 0))
(2669, (0, 0))
(161, (0, 0))
(10187, (0, 0))
(12365, (0, 0))
(3485, (0, 0))
(3683, (0, 1))
(8822, (0, 0))
(4673, (0, 0))
(4070, (0, 0))
(5894, (0, 0))
(1727, (0, 0))
(9218, (0, 0))
(7292, (0, 0))
(10058, (0, 0))
(12473, (0, 0))
(7844, (0, 0))
(2843, (0, 0))
(13478, (0, 0))
(2066, (0, 0))
(698, (0, 0))
(1685, (0, 0))
(3359, (0, 0))
(4427, (0, 0))
(9527, (0, 0))
(5846, (0, 0))
(10682, (0, 0))
(7799, (0, 0))
(1202, (0, 0))
(14489, (0, 0))
(2672, (0, 0))
(11804, (0, 0))
(38, (0, 0))
(2213, (0, 0))
(4373, (0, 0))
(5081, (0, 0))
(7592, (0, 0))
(599, (0, 0))
(11255, (0, 0))
(6800, (0, 0))
(14006, (0, 0))
(6230, (0, 0))
(10502, (0, 0))
(12062, (0, 0))
(8555, (0, 0))
(10505, (0, 0))
(13220, (0, 0))
(6902, (0, 0))
(8045, (0, 0))
(203, (0, 0))
(9800, (0, 0))
(551, (0, 0))
(6323, (0, 0))
(9650, (0, 0))
(13499, (0, 0))
(2522, (0, 0))
(5597, (0, 0))
(89, (0, 0))
(8354, (0, 0))
(3263, (0, 0))
(701, (0, 0))
(1829, (0, 0))
(5732, (0, 0))
(8861, (0, 0))
(4133, (0, 0))
(5516, (0, 0))
(1463, (0, 0))
(14612, (0, 0))
(7835, (0, 0))
(9623, (0, 0))
(4460, (0, 0))
(13454, (0, 0))
(3743, (0, 0))
(2657, (0, 0))
(2417, (0, 0))
(11606, (0, 0))
(14042, (0, 0))
(887, (0, 0))
(7091, (0, 0))
(8378, (0, 0))
(7721, (0, 0))
(5918, (0, 0))
(12665, (0, 0))
(9362, (0, 0))
(8228, (0, 0))
(5585, (0, 0))
(2021, (0, 0))
(7541, (0, 0))
(7373, (0, 0))
(10478, (0, 0))
(5720, (0, 0))
(10949, (0, 0))
(10166, (0, 0))
(6338, (0, 0))
(2858, (0, 0))
(5714, (0, 0))
(12599, (0, 0))
(12914, (0, 0))
(2042, (0, 0))
(1334, (0, 0))
(9794, (0, 0))
(9524, (0, 0))
(7160, (0, 0))
(2174, (0, 0))
(12305, (0, 0))
(2540, (0, 0))
(10652, (0, 0))
(8252, (0, 0))
(12098, (0, 0))
(4328, (0, 0))
(11858, (0, 0))
(14579, (0, 0))
(10151, (0, 0))
(2081, (0, 0))
(1847, (0, 0))
(9458, (0, 0))
(9878, (0, 0))
(9665, (0, 0))
(7034, (0, 0))
(11021, (0, 0))
(3650, (0, 0))
(10289, (0, 0))
(6245, (0, 0))
(11777, (0, 0))
(3161, (0, 0))
(2903, (0, 0))
(2921, (0, 0))
(6179, (0, 0))
(7625, (0, 0))
(12971, (0, 0))
(12668, (0, 0))
(13904, (0, 0))
(9263, (0, 0))
(3287, (0, 0))
(2561, (0, 0))
(5045, (0, 0))
(10079, (0, 0))
(11099, (0, 0))
(2480, (0, 0))
(2306, (0, 0))
(6209, (0, 0))
(4004, (0, 0))
(5069, (0, 0))
(8642, (0, 0))
(1808, (0, 0))
(7106, (0, 0))
(8006, (0, 0))
(10340, (0, 0))
(9026, (0, 0))
(5465, (0, 0))
(7730, (0, 0))
(6926, (0, 0))
(12278, (0, 0))
(9959, (0, 0))
(8387, (0, 0))
(4409, (0, 0))
(914, (0, 0))
(14624, (0, 0))
(4055, (0, 0))
(527, (0, 0))
(5210, (0, 0))
(13649, (0, 0))
(6527, (0, 0))
(5681, (0, 0))
(10430, (0, 0))
(11654, (0, 0))
(11174, (0, 0))
(3965, (0, 0))
(1424, (0, 0))
(1382, (0, 0))
(1340, (0, 0))
(7892, (0, 0))
(11054, (0, 0))
(3584, (0, 0))
(7538, (0, 0))
(9689, (0, 0))
(9593, (0, 0))
(10115, (0, 0))
(6818, (0, 0))
(14243, (0, 0))
(11156, (0, 0))
(13166, (0, 0))
(13652, (0, 0))
(8924, (0, 0))
(11396, (0, 0))
(14195, (0, 0))
(1394, (0, 0))
(8858, (0, 0))
(4028, (0, 0))
(4844, (0, 0))
(12011, (0, 0))
(5228, (0, 0))
(1532, (0, 0))
(7109, (0, 0))
(2165, (0, 0))
(1043, (0, 0))
(4754, (0, 0))
(9032, (0, 0))
(13892, (0, 0))
(13427, (0, 0))
(2018, (0, 0))
(1325, (0, 0))
(9734, (0, 0))
(4031, (0, 0))
(12416, (0, 0))
(12821, (0, 0))
(12275, (0, 0))
(8156, (0, 0))
(12911, (0, 0))
(7622, (0, 0))
(1562, (0, 0))
(9482, (0, 0))
(2078, (0, 0))
(8345, (0, 0))
(6416, (0, 0))
(5837, (0, 0))
(4244, (0, 0))
(2423, (0, 0))
(3047, (0, 0))
(13640, (0, 0))
(9128, (0, 0))
(9293, (0, 0))
(9548, (0, 0))
(10052, (0, 0))
(12215, (0, 0))
(12209, (0, 0))
(11144, (0, 0))
(2837, (0, 1))
(4892, (0, 0))
(8759, (0, 0))
(12878, (0, 0))
(131, (0, 0))
(13772, (0, 0))
(8786, (0, 0))
(6515, (0, 0))
(8738, (0, 0))
(6350, (0, 0))
(323, (0, 0))
(6185, (0, 0))
(4442, (0, 0))
(6194, (0, 0))
(2969, (0, 0))
(6563, (0, 0))
(13376, (0, 0))
(401, (0, 0))
(9248, (0, 0))
(5198, (0, 0))
(3686, (0, 0))
(386, (0, 0))
(14486, (0, 0))
(13163, (0, 0))
(7664, (0, 0))
(5165, (0, 0))
(5471, (0, 0))
(5630, (0, 0))
(10988, (0, 0))
(2963, (0, 0))
(2129, (0, 0))
(5279, (0, 0))
(8384, (0, 0))
(8645, (0, 0))
(4562, (0, 0))
(10352, (0, 0))
(1235, (0, 0))
(14270, (0, 0))
(11237, (0, 0))
(11456, (0, 0))
(2642, (0, 0))
(5501, (0, 0))
(3812, (0, 0))
(7577, (0, 0))
(6518, (0, 0))
(7829, (0, 0))
(14393, (0, 0))
(5543, (0, 0))
(12638, (0, 0))
(8690, (0, 0))
(1466, (0, 0))
(12224, (0, 0))
(12497, (0, 0))
(923, (0, 0))
(3230, (0, 0))
(1994, (0, 0))
(9500, (0, 0))
(9647, (0, 0))
(3449, (0, 0))
(4058, (0, 0))
(11474, (0, 0))
(5336, (0, 0))
(737, (0, 1))
(5147, (0, 0))
(6881, (0, 0))
(3371, (0, 0))
(12701, (0, 0))
(8933, (0, 0))
(5000, (0, 0))
(9035, (0, 0))
(8297, (0, 0))
(10934, (0, 0))
(5144, (0, 0))
(5252, (0, 0))
(12479, (0, 0))
(9743, (0, 0))
(6995, (0, 0))
(5432, (0, 0))
(8483, (0, 0))
(13688, (0, 0))
(6272, (0, 0))
(10322, (0, 0))
(2045, (0, 0))
(11618, (0, 0))
(5450, (0, 0))
(80, (0, 0))
(14444, (0, 0))
(10094, (0, 0))
(12965, (0, 0))
(9824, (0, 0))
(7154, (0, 0))
(5441, (0, 0))
(8627, (0, 0))
(4091, (0, 0))
(4772, (0, 0))
(10607, (0, 0))
(9755, (0, 0))
(3575, (0, 0))
(13211, (0, 0))
(12236, (0, 0))
(14084, (0, 0))
(2852, (0, 0))
(269, (0, 0))
(2393, (0, 0))
(13724, (0, 0))
(11147, (0, 0))
(6872, (0, 0))
(9710, (0, 0))
(10253, (0, 0))
(8588, (0, 0))
(9344, (0, 0))
(10541, (0, 0))
(2570, (0, 0))
(13529, (0, 0))
(4439, (0, 0))
(7214, (0, 0))
(2372, (0, 0))
(4865, (0, 0))
(818, (0, 0))
(13361, (0, 0))
(6983, (0, 0))
(9776, (0, 0))
(3596, (0, 0))
(4667, (0, 0))
(3122, (0, 0))
(5498, (0, 0))
(6599, (0, 0))
(3002, (0, 0))
(7247, (0, 0))
(13850, (0, 0))
(10712, (0, 0))
(5525, (0, 0))
(6452, (0, 0))
(12362, (0, 0))
(6401, (0, 0))
(7181, (0, 0))
(3242, (0, 0))
(8654, (0, 0))
(1982, (0, 0))
(3464, (0, 0))
(8804, (0, 0))
(7322, (0, 0))
(9092, (0, 0))
(6098, (0, 0))
(2975, (0, 0))
(500, (0, 0))
(5777, (0, 0))
(11690, (0, 0))
(10436, (0, 0))
(10931, (0, 0))
(9296, (0, 0))
(935, (0, 0))
(2381, (0, 0))
(1139, (0, 0))
(1127, (0, 0))
(7085, (0, 0))
(2237, (0, 0))
(5411, (0, 0))
(1805, (0, 0))
(2492, (0, 0))
(8807, (0, 0))
(8, (0, 0))
(6164, (0, 0))
(13811, (0, 0))
(2804, (0, 0))
(13472, (0, 0))
(4451, (0, 0))
(14399, (0, 0))
(11849, (0, 0))
(8360, (0, 0))
(11948, (0, 0))
(13715, (0, 0))
(3755, (0, 0))
(12107, (0, 0))
(650, (0, 0))
(1409, (0, 0))
(9242, (0, 0))
(6950, (0, 0))
(4664, (0, 0))
(302, (0, 0))
(12050, (0, 0))
(3128, (0, 0))
(6491, (0, 0))
(9467, (0, 0))
(12074, (0, 0))
(4418, (0, 0))
(11075, (0, 0))
(10454, (0, 0))
(6224, (0, 0))
(3893, (0, 0))
(10034, (0, 0))
(383, (0, 0))
(7631, (0, 0))
(6944, (0, 0))
(4256, (0, 0))
(12368, (0, 0))
(14138, (0, 0))
(14159, (0, 0))
(59, (0, 0))
(14225, (0, 0))
(13409, (0, 0))
(6365, (0, 0))
(13139, (0, 0))
(5969, (0, 0))
(2765, (0, 0))
(8159, (0, 0))
(13022, (0, 0))
(5756, (0, 0))
(2072, (0, 0))
(3233, (0, 0))
(3314, (0, 0))
(8078, (0, 0))
(7688, (0, 0))
(10100, (0, 0))
(13832, (0, 0))
(5984, (0, 0))
(14654, (0, 0))
(4565, (0, 0))
(4172, (0, 0))
(5459, (0, 0))
(2204, (0, 0))
(3398, (0, 0))
(9971, (0, 0))
(3668, (0, 0))
(13511, (0, 0))
(6998, (0, 0))
(14261, (0, 0))
(1550, (0, 0))
(13868, (0, 0))
(3695, (0, 0))
(5951, (0, 0))
(2603, (0, 0))
(9749, (0, 0))
(13976, (0, 1))
(10376, (0, 0))
(9605, (0, 0))
(13055, (0, 0))
(1937, (0, 0))
(2996, (0, 0))
(4502, (0, 0))
(7478, (0, 0))
(2477, (0, 0))
(3953, (0, 0))
(2405, (0, 1))
(14255, (0, 0))
(10724, (0, 0))
(14003, (0, 0))
(4211, (0, 0))
(1346, (0, 0))
(6947, (0, 0))
(11492, (0, 0))
(4310, (0, 0))
(11417, (0, 0))
(13322, (0, 0))
(6956, (0, 0))
(11615, (0, 1))
(9029, (0, 0))
(9374, (0, 1))
(3863, (0, 0))
(8633, (0, 0))
(5603, (0, 0))
(14666, (0, 0))
(13907, (0, 0))
(11141, (0, 0))
(4991, (0, 0))
(2180, (0, 0))
(8288, (0, 0))
(9056, (0, 0))
(6254, (0, 0))
(404, (0, 1))
(5240, (0, 0))
(8435, (0, 0))
(5768, (0, 1))
(5738, (0, 0))
(6932, (0, 0))
(14591, (0, 0))
(6125, (0, 0))
(2228, (0, 0))
(3653, (0, 0))
(13946, (0, 0))
(3062, (0, 0))
(12356, (0, 0))
(3680, (0, 0))
(365, (0, 0))
(4751, (0, 0))
(14303, (0, 0))
(9659, (0, 0))
(11483, (0, 0))
(12977, (0, 0))
(10973, (0, 0))
(9005, (0, 0))
(1028, (0, 0))
(11291, (0, 0))
(2111, (0, 0))
(1037, (0, 0))
(6281, (0, 0))
(3779, (0, 0))
(10781, (0, 0))
(437, (0, 0))
(8330, (0, 1))
(3848, (0, 0))
(2276, (0, 0))
(12881, (0, 0))
(4214, (0, 0))
(4547, (0, 0))
(2615, (0, 0))
(3008, (0, 0))
(8864, (0, 1))
(10484, (0, 0))
(677, (0, 0))
(494, (0, 0))
(5513, (0, 0))
(11894, (0, 0))
(2564, (0, 0))
(2321, (0, 0))
(13664, (0, 0))
(521, (0, 0))
(6905, (0, 0))
(3227, (0, 0))
(14198, (0, 0))
(7382, (0, 0))
(10184, (0, 0))
(6461, (0, 0))
(503, (0, 0))
(2645, (0, 0))
(4796, (0, 0))
(311, (0, 0))
(8774, (0, 0))
(10433, (0, 0))
(12332, (0, 0))
(3824, (0, 0))
(5327, (0, 0))
(368, (0, 0))
(10277, (0, 0))
(10493, (0, 0))
(5753, (0, 0))
(14264, (0, 0))
(7574, (0, 0))
(9857, (0, 0))
(6806, (0, 0))
(1850, (0, 0))
(7391, (0, 0))
(8036, (0, 0))
(524, (0, 0))
(3353, (0, 0))
(5600, (0, 0))
(3947, (0, 0))
(11771, (0, 0))
(13181, (0, 0))
(2807, (0, 0))
(5003, (0, 0))
(14147, (0, 0))
(10451, (0, 0))
(1817, (0, 0))
(5150, (0, 0))
(8357, (0, 0))
(8246, (0, 0))
(6581, (0, 0))
(3011, (0, 0))
(9764, (0, 0))
(6680, (0, 0))
(2270, (0, 0))
(9473, (0, 0))
(3023, (0, 0))
(6812, (0, 0))
(290, (0, 0))
(2741, (0, 0))
(7388, (0, 0))
(14357, (0, 0))
(7652, (0, 0))
(947, (0, 0))
(9161, (0, 0))
(13526, (0, 0))
(8756, (0, 0))
(6548, (0, 0))
(2801, (0, 0))
(3332, (0, 0))
(5816, (0, 0))
(9149, (0, 0))
(9695, (0, 0))
(7607, (0, 0))
(8702, (0, 0))
(9503, (0, 0))
(12383, (0, 0))
(2915, (0, 0))
(12044, (0, 0))
(11639, (0, 0))
(629, (0, 0))
(7439, (0, 0))
(14189, (0, 0))
(13196, (0, 0))
(13682, (0, 0))
(4682, (0, 0))
(12932, (0, 0))
(14276, (0, 0))
(827, (0, 0))
(9434, (0, 0))
(12500, (0, 0))
(263, (0, 0))
(6965, (0, 0))
(10391, (0, 0))
(14507, (0, 0))
(3296, (0, 1))
(8441, (0, 0))
(7808, (0, 0))
(3605, (0, 1))
(3041, (0, 0))
(1163, (0, 0))
(113, (0, 0))
(14237, (0, 0))
(5807, (0, 0))
(14144, (0, 0))
(11828, (0, 0))
(584, (0, 0))
(5477, (0, 0))
(1520, (0, 0))
(10628, (0, 0))
(10469, (0, 0))
(7331, (0, 0))
(8168, (0, 1))
(9923, (0, 0))
(10301, (0, 0))
(11579, (0, 0))
(12797, (0, 0))
(4733, (0, 0))
(14438, (0, 0))
(9485, (0, 0))
(4763, (0, 0))
(3740, (0, 0))
(4886, (0, 0))
(3308, (0, 0))
(314, (0, 0))
(7805, (0, 0))
(6710, (0, 0))
(13394, (0, 0))
(6482, (0, 0))
(8636, (0, 0))
(10829, (0, 1))
(11687, (0, 0))
(635, (0, 0))
(12779, (0, 0))
(2090, (0, 0))
(5669, (0, 0))
(14282, (0, 0))
(10844, (0, 1))
(8531, (0, 0))
(4676, (0, 0))
(4229, (0, 0))
(12176, (0, 0))
(2519, (0, 0))
(5840, (0, 0))
(2555, (0, 0))
(13208, (0, 0))
(5810, (0, 0))
(1781, (0, 0))
(12254, (0, 0))
(395, (0, 0))
(12122, (0, 0))
(4709, (0, 0))
(8501, (0, 0))
(3152, (0, 0))
(7919, (0, 0))
(9338, (0, 0))
(3179, (0, 0))
(7946, (0, 0))
(11342, (0, 0))
(14153, (0, 0))
(2024, (0, 0))
(1865, (0, 0))
(1991, (0, 0))
(3374, (0, 0))
(776, (0, 0))
(1025, (0, 0))
(2126, (0, 0))
(2537, (0, 0))
(8462, (0, 0))
(7838, (0, 0))
(11315, (0, 0))
(9221, (0, 0))
(10130, (0, 0))
(10559, (0, 0))
(4499, (0, 0))
(6572, (0, 0))
(3419, (0, 0))
(4883, (0, 0))
(13919, (0, 0))
(2663, (0, 0))
(13748, (0, 1))
(6797, (0, 0))
(4235, (0, 0))
(13706, (0, 0))
(14162, (0, 0))
(11648, (0, 0))
(8474, (0, 0))
(4100, (0, 0))
(11276, (0, 0))
(209, (0, 0))
(10907, (0, 0))
(9134, (0, 0))
(12722, (0, 0))
(10772, (0, 0))
(8396, (0, 0))
(13997, (0, 0))
(8117, (0, 0))
(5297, (0, 0))
(12008, (0, 0))
(11684, (0, 0))
(7847, (0, 0))
(11036, (0, 0))
(7970, (0, 0))
(14135, (0, 0))
(10136, (0, 0))
(4118, (0, 0))
(6677, (0, 0))
(12572, (0, 0))
(6824, (0, 0))
(3836, (0, 0))
(12920, (1, 0))
(5495, (1, 0))
(233, (1, 0))
(13187, (1, 1))
(8123, (1, 0))
(6683, (1, 0))
(10595, (1, 0))
(2051, (1, 0))
(8186, (1, 0))
(6863, (1, 0))
(3074, (1, 0))
(1094, (1, 0))
(2771, (1, 0))
(4061, (1, 1))
(9203, (1, 0))
(434, (1, 0))
(14009, (1, 0))
(3587, (1, 0))
(1592, (1, 0))
(11516, (1, 0))
(3770, (1, 0))
(4466, (1, 0))
(13823, (1, 0))
(5222, (1, 0))
(9950, (1, 0))
(11681, (1, 0))
(7742, (1, 0))
(13034, (1, 0))
(10106, (1, 0))
(5357, (1, 0))
(596, (1, 0))
(7718, (1, 0))
(11129, (1, 0))
(14606, (1, 0))
(7241, (1, 0))
(13619, (1, 0))
(14012, (1, 0))
(10655, (1, 0))
(10031, (1, 0))
(479, (1, 0))
(4553, (1, 0))
(4370, (1, 0))
(143, (1, 0))
(14015, (1, 0))
(12395, (1, 0))
(8591, (1, 0))
(3941, (1, 0))
(10520, (1, 0))
(2840, (1, 0))
(2156, (1, 1))
(1478, (1, 0))
(641, (1, 1))
(3785, (1, 0))
(14018, (1, 0))
(11774, (1, 1))
(26, (1, 0))
(11963, (1, 0))
(2726, (1, 0))
(11705, (1, 0))
(6764, (1, 0))
(7235, (1, 0))
(7142, (1, 0))
(4724, (1, 0))
(13970, (1, 0))
(6332, (1, 0))
(5363, (1, 0))
(1538, (1, 0))
(3290, (1, 0))
(13805, (1, 0))
(4457, (1, 0))
(12248, (1, 0))
(4877, (1, 0))
(4175, (1, 0))
(13625, (1, 0))
(13853, (1, 0))
(7670, (1, 0))
(353, (1, 0))
(245, (1, 0))
(5276, (1, 0))
(7259, (1, 0))
(1319, (1, 0))
(11051, (1, 0))
(7703, (1, 0))
(8912, (1, 0))
(8549, (1, 0))
(5048, (1, 0))
(4745, (1, 0))
(7367, (1, 0))
(1652, (1, 0))
(2591, (1, 0))
(7610, (1, 0))
(6065, (1, 0))
(8852, (1, 0))
(7997, (1, 0))
(800, (1, 0))
(8564, (1, 0))
(1940, (1, 0))
(10037, (1, 0))
(5987, (1, 0))
(836, (1, 0))
(4184, (1, 0))
(4154, (1, 0))
(3137, (1, 0))
(13436, (1, 0))
(11450, (1, 0))
(5264, (1, 0))
(12869, (1, 0))
(5192, (1, 0))
(13559, (1, 0))
(518, (1, 0))
(2750, (1, 0))
(2834, (1, 1))
(101, (1, 0))
(6335, (1, 0))
(7076, (1, 0))
(6662, (1, 0))
(7772, (1, 0))
(14576, (1, 0))
(7364, (1, 0))
(11744, (1, 0))
(10625, (1, 0))
(1388, (1, 0))
(4385, (1, 0))
(6989, (1, 0))
(116, (1, 0))
(13292, (1, 0))
(4082, (1, 0))
(11198, (1, 0))
(4694, (1, 0))
(3257, (1, 0))
(13646, (1, 0))
(14252, (1, 0))
(2108, (1, 0))
(4181, (1, 0))
(6005, (1, 0))
(14126, (1, 0))
(13199, (1, 0))
(3797, (1, 0))
(6191, (1, 0))
(794, (1, 0))
(10073, (1, 0))
(3791, (1, 0))
(3107, (1, 0))
(983, (1, 0))
(12359, (1, 0))
(8681, (1, 0))
(13178, (1, 0))
(5678, (1, 0))
(5828, (1, 0))
(1961, (1, 0))
(11651, (1, 0))
(13667, (1, 0))
(13583, (1, 0))
(10742, (1, 0))
(10013, (1, 0))
(6635, (1, 0))
(12611, (1, 0))
(8366, (1, 0))
(6890, (1, 0))
(2171, (1, 0))
(13271, (1, 0))
(2678, (1, 0))
(9602, (1, 0))
(3221, (1, 0))
(2891, (1, 0))
(14027, (1, 1))
(11759, (1, 0))
(12737, (1, 0))
(6611, (1, 0))
(8048, (1, 0))
(11306, (1, 0))
(12104, (1, 0))
(7157, (1, 0))
(4094, (1, 0))
(4571, (1, 0))
(6305, (1, 0))
(12032, (1, 0))
(10310, (1, 0))
(3914, (1, 0))
(5504, (1, 0))
(3689, (1, 0))
(956, (1, 0))
(3104, (1, 0))
(7739, (1, 0))
(14630, (1, 0))
(9788, (1, 0))
(8540, (1, 0))
(4088, (1, 0))
(2981, (1, 1))
(13565, (1, 0))
(13277, (1, 1))
(176, (1, 0))
(12689, (1, 0))
(5402, (1, 0))
(6980, (1, 0))
(782, (1, 0))
(14375, (1, 0))
(4217, (1, 0))
(854, (1, 0))
(10916, (1, 0))
(12713, (1, 0))
(12530, (1, 0))
(9893, (1, 0))
(6329, (1, 0))
(1964, (1, 0))
(14420, (1, 0))
(1883, (1, 0))
(13406, (1, 0))
(14114, (1, 0))
(7715, (1, 0))
(13274, (1, 0))
(9752, (1, 0))
(1487, (1, 0))
(10364, (1, 0))
(12749, (1, 0))
(6233, (1, 0))
(12863, (1, 0))
(14078, (1, 0))
(13373, (1, 0))
(13481, (1, 0))
(5594, (1, 0))
(12041, (1, 0))
(9440, (1, 0))
(1328, (1, 0))
(7226, (1, 1))
(5345, (1, 0))
(6758, (1, 0))
(1832, (1, 0))
(2939, (1, 0))
(5027, (1, 0))
(1268, (1, 0))
(12188, (1, 0))
(7856, (1, 0))
(10865, (1, 0))
(12824, (1, 0))
(3053, (1, 0))
(7661, (1, 0))
(11411, (1, 0))
(10406, (1, 0))
(3491, (1, 0))
(5015, (1, 0))
(3068, (1, 0))
(8405, (1, 0))
(10619, (1, 0))
(3950, (1, 0))
(9851, (1, 0))
(10133, (1, 0))
(1919, (1, 0))
(13634, (1, 0))
(6227, (1, 0))
(7217, (1, 0))
(9599, (1, 0))
(11588, (1, 0))
(449, (1, 0))
(11969, (1, 0))
(5399, (1, 1))
(13796, (1, 0))
(10913, (1, 0))
(1823, (1, 1))
(1187, (1, 0))
(10157, (1, 0))
(9059, (1, 0))
(6731, (1, 0))
(3182, (1, 0))
(3272, (1, 0))
(10880, (1, 0))
(10754, (1, 0))
(13883, (1, 0))
(5711, (1, 0))
(6395, (1, 0))
(6014, (1, 0))
(2342, (1, 0))
(8717, (1, 0))
(14627, (1, 0))
(14564, (1, 0))
(986, (1, 0))
(6986, (1, 0))
(8693, (1, 0))
(14267, (1, 0))
(8444, (1, 0))
(11951, (1, 0))
(11177, (1, 0))
(6029, (1, 0))
(12578, (1, 0))
(12017, (1, 0))
(11567, (1, 0))
(12077, (1, 0))
(13421, (1, 0))
(11717, (1, 0))
(11477, (1, 0))
(3356, (1, 0))
(14555, (1, 0))
(6671, (1, 0))
(1646, (1, 0))
(10733, (1, 0))
(8273, (1, 0))
(10670, (1, 0))
(3872, (1, 0))
(12620, (1, 0))
(3407, (1, 0))
(10019, (1, 0))
(614, (1, 0))
(12986, (1, 0))
(3305, (1, 0))
(2798, (1, 0))
(13070, (1, 0))
(11978, (1, 0))
(9899, (1, 0))
(3926, (1, 0))
(13901, (1, 0))
(8321, (1, 0))
(3698, (1, 0))
(10841, (1, 0))
(1355, (1, 0))
(7595, (1, 1))
(8054, (1, 0))
(13457, (1, 0))
(6608, (1, 0))
(8351, (1, 0))
(10511, (1, 0))
(10550, (1, 0))
(6353, (1, 0))
(989, (1, 0))
(7964, (1, 0))
(473, (1, 0))
(5663, (1, 0))
(3989, (1, 0))
(179, (1, 0))
(10463, (1, 0))
(5423, (1, 0))
(2624, (1, 1))
(1517, (1, 0))
(13766, (1, 0))
(10685, (1, 0))
(539, (1, 0))
(14708, (1, 0))
(8984, (1, 0))
(7793, (1, 0))
(764, (1, 0))
(278, (1, 0))
(10979, (1, 0))
(13763, (1, 0))
(11231, (1, 0))
(1460, (1, 0))
(1877, (1, 0))
(11612, (1, 0))
(4952, (1, 0))
(12302, (1, 0))
(2, (1, 0))
(11864, (1, 0))
(10787, (1, 0))
(4151, (1, 0))
(12728, (1, 0))
(7211, (1, 0))
(13784, (1, 0))
(2870, (1, 0))
(6647, (1, 0))
(3350, (1, 0))
(3665, (1, 0))
(11585, (1, 0))
(3614, (1, 0))
(12989, (1, 0))
(6809, (1, 0))
(4628, (1, 0))
(14378, (1, 0))
(14132, (1, 0))
(8792, (1, 0))
(12182, (1, 0))
(5567, (1, 0))
(14492, (1, 0))
(5420, (1, 0))
(12605, (1, 0))
(3110, (1, 0))
(1496, (1, 0))
(428, (1, 1))
(8318, (1, 0))
(12413, (1, 0))
(1166, (1, 0))
(14711, (1, 1))
(7619, (1, 0))
(11282, (1, 1))
(14531, (1, 0))
(8471, (1, 0))
(2201, (1, 0))
(11855, (1, 0))
(10997, (1, 0))
(9530, (1, 0))
(1601, (1, 0))
(9908, (1, 0))
(1406, (1, 0))
(254, (1, 0))
(4712, (1, 0))
(1064, (1, 0))
(9341, (1, 1))
(9845, (1, 0))
(2960, (1, 0))
(4829, (1, 0))
(11006, (1, 0))
(911, (1, 0))
(6404, (1, 0))
(13433, (1, 0))
(13709, (1, 0))
(8582, (1, 0))
(8618, (1, 0))
(12068, (1, 0))
(6935, (1, 0))
(13736, (1, 0))
(7118, (1, 0))
(10178, (1, 0))
(9446, (1, 0))
(1067, (1, 0))
(11012, (1, 0))
(9614, (1, 0))
(8750, (1, 0))
(23, (1, 0))
(5159, (1, 0))
(13799, (1, 0))
(7493, (1, 0))
(12890, (1, 0))
(6071, (1, 0))
(10109, (1, 0))
(13835, (1, 0))
(7370, (1, 0))
(10517, (1, 0))
(8489, (1, 0))
(10538, (1, 0))
(10235, (1, 0))
(2261, (1, 0))
(11, (1, 0))
(7346, (1, 0))
(7463, (1, 1))
(9668, (1, 0))
(10061, (1, 0))
(11249, (1, 0))
(6011, (1, 0))
(6032, (1, 0))
(7985, (1, 0))
(13874, (1, 0))
(7268, (1, 0))
(2762, (1, 0))
(7265, (1, 0))
(2594, (1, 0))
(6485, (1, 0))
(1481, (1, 0))
(12056, (1, 0))
(9227, (1, 0))
(542, (1, 0))
(692, (1, 0))
(13547, (1, 0))
(10337, (1, 0))
(8948, (1, 0))
(7547, (1, 0))
(11918, (1, 0))
(13400, (1, 0))
(431, (1, 0))
(10598, (1, 0))
(7295, (1, 0))
(1436, (1, 0))
(14246, (1, 0))
(10373, (1, 0))
(7733, (1, 0))
(8723, (1, 0))
(9182, (1, 0))
(4760, (1, 0))
(7604, (1, 0))
(2123, (1, 0))
(1292, (1, 0))
(2876, (1, 0))
(5615, (1, 0))
(11915, (1, 0))
(4775, (1, 0))
(7568, (1, 0))
(2717, (1, 0))
(1001, (1, 0))
(5648, (1, 0))
(13610, (1, 0))
(14273, (1, 0))
(11441, (1, 0))
(12848, (1, 0))
(10016, (1, 0))
(6077, (1, 0))
(3338, (1, 0))
(12449, (1, 0))
(14156, (1, 0))
(11369, (1, 0))
(14396, (1, 0))
(9803, (1, 0))
(2558, (1, 0))
(2027, (1, 0))
(13184, (1, 1))
(194, (1, 0))
(5540, (1, 0))
(5072, (1, 0))
(3428, (1, 0))
(2693, (1, 0))
(1709, (1, 0))
(4943, (1, 0))
(6962, (1, 0))
(5462, (1, 0))
(1097, (1, 0))
(1745, (1, 0))
(12353, (1, 0))
(12494, (1, 0))
(2309, (1, 0))
(1472, (1, 0))
(3746, (1, 0))
(10778, (1, 0))
(5564, (1, 0))
(10307, (1, 0))
(2219, (1, 0))
(10529, (1, 0))
(8231, (1, 0))
(5945, (1, 0))
(3908, (1, 0))
(1637, (1, 0))
(12461, (1, 0))
(11459, (1, 0))
(9170, (1, 0))
(13172, (1, 0))
(8993, (1, 0))
(4955, (1, 0))
(11882, (1, 0))
(7418, (1, 0))
